Gene name,DCR-knockout1_hsa_SRR3174967,DCR-knockout2_hsa_SRR3174968,DROSHA-knockout1_hsa_SRR3174962,DROSHA-knockout2_hsa_SRR3174963,XPO-knockout1_hsa_SRR3174965,XPO-knockout2_hsa_SRR3174966,blood_hsa_SRR6880328-31,brain-fetal_hsa_SRR6853295,brain_hsa_SRR6853289,cell-lines-combined_hsa_SRR5127211,cerebellum_hsa_SRR6853290,colorectum_hsa_EGAD00001001644,foreskin_hsa,heart_hsa_SRR6853301,kidney_hsa_SRR6853294,leukocytes_hsa_SRR6880332-35,liver-fetal_hsa_SRR6853297,liver_hsa_SRR2061807,lung_hsa_SRR6853298,pancreas_hsa_SRR040800,placenta_hsa_SRR6853300,plasma_hsa_SRR6880326-39,skeletal-muscle_hsa_SRR6853299,skin-leg_hsa,skin_hsa_SRR330904-23,small-intestine_hsa_SRR6853296,spinal-cord_hsa_SRR6853285,spleen_hsa_SRR6853286,stomach_hsa_SRR6853287,testis_hsa_SRR6853288,thymus_hsa_SRR6853302,uterus_hsa_SRR6853303
Hsa-Let-7-P1d_pri,534.97,559.63,1284.49,906.27,702.03,1029.74,30376.58,15062.74,132742.19,33686.15,76709.65,20706.61,18569.54,51196.76,59683.66,12565.88,37123.90,8245.45,69715.23,151396.04,5334.14,21523.07,21528.03,63879.93,129556.86,44043.23,56298.47,33306.59,94562.54,62880.94,62497.72,59270.77
Hsa-Let-7-P1b_pri,25.32,38.21,160.56,38.73,44.74,69.14,12.24,21377.01,8347.29,2264.64,47352.63,619.92,1842.66,17992.08,21726.16,97.58,3845.47,210.67,3740.50,563.47,2762.07,599.69,2144.08,1890.85,1470.16,8426.77,1657.14,4098.27,7006.35,2467.99,3764.92,9824.55
Hsa-Let-7-P1c_pri,3.17,0,0,7.75,0,0,38.86,29978.07,19552.82,2544.90,32543.61,289.14,96.78,29622.32,13243.17,33.32,4457.58,1539.77,7440.70,21774.80,287.33,89.85,7815.91,12316.78,19119.36,4358.46,7234.42,419.22,20520.26,13047.86,17901.60,50604.97
Hsa-Let-7-P2a1_pri,680.59,775.39,1284.49,898.53,702.03,1031.95,30378.22,15076.77,132773.55,33677.45,76716.95,20706.58,18566.14,51233.08,59701.36,12574.38,37128.81,8263.34,69759.57,159912.96,5329.50,21539.94,21565.43,63892.73,129612.35,44052.59,56330.93,33292.13,94562.54,62898.41,62522.01,59290.31
Hsa-Let-7-P2a2_pri,658.43,642.79,1284.49,921.77,703.17,1035.63,30384.16,15153.28,133033.74,33682.34,76910.44,20699.47,18568.17,51315.28,59906.71,12573.36,37150.45,8249.51,69799.88,151418.48,5338.77,21539.22,21615.29,63989.73,129784.49,44111.87,56424.70,33357.19,94637.94,62924.36,62558.45,59389.84
Hsa-Let-7-P2a3_pri,864.19,1274.34,3116.36,1595.66,5699.94,5611.36,110012.53,456.23,89643.19,21389.37,3374.61,11710.57,24305.94,3593.83,7185.41,98429.52,43210.61,15370.02,5469.68,238535.31,115.86,70409.09,1832.44,15999.79,63581.09,4573.73,36615.69,4799.39,3068.18,35796.11,5586.66,2740.50
Hsa-Let-7-P2b1_pri,848.36,813.60,3028.78,1541.44,5381.05,5263.45,109861.54,430.26,87450.82,20825.13,3313.00,11405.30,23977.48,3467.66,6976.52,95618.03,41059.20,14728.25,5364.88,31654.29,115.86,66201.28,1757.64,15636.37,62367.38,4464.54,34887.33,4719.88,2969.58,34480.31,5173.73,2656.97
Hsa-Let-7-P2b2_pri,468.50,348.37,255.44,116.19,273.01,1635.08,10032.45,265909.93,39943.43,3654.07,376653.48,2631.06,536.28,139809.49,170847.68,1303.92,8078.47,1677.23,142409.16,111571.09,14055.98,1856.20,137694.62,37941.23,29335.96,129349.88,28348.94,109916.08,318417.77,23279.86,141512.53,223007.36
Hsa-Let-7-P2b3_pri,69.64,42.70,240.84,69.71,285.63,201.54,262.82,35.80,7566.99,2010.84,235.93,725.78,2597.32,139.55,416.01,264.18,2770.42,183.83,266.03,68.93,13.90,406.72,12.47,306.83,397.39,165.35,2301.78,86.74,116.00,1101.35,170.03,95.97
Hsa-Let-7-P2c1_pri,56.98,49.45,423.30,286.60,658.44,1365.14,1848.54,1585.59,7818.10,1172.06,9888.80,657.94,944.87,8971.19,6401.19,631.39,4437.58,401.01,5695.40,3077.02,125.13,1629.76,3452.96,3813.69,1309.51,4464.54,3188.95,4018.76,5689.76,2666.55,5477.36,4140.96
Hsa-Let-7-P2c2_pri,338.71,1036.11,1415.86,821.07,6552.24,5625.33,24246.43,3317.17,14733.52,6548.88,19041.08,1329.95,17134.57,19471.67,10453.27,13853.13,14240.92,3342.26,9480.24,844.80,500.51,16972.72,5472.38,3923.15,1505.13,12950.59,9432.52,14745.10,21280.05,9220.66,14391.72,9812.11
Hsa-Let-7-P2c3_pri,297.56,155.08,416.00,255.62,1113.83,1664.50,23649.28,1594.71,36317.53,4218.63,8870.72,5041.46,3347.14,22081.02,17082.82,61193.28,16377.25,13883.94,13764.89,10953.52,338.31,13640.66,3976.51,4902.26,10597.25,16276.37,27404.97,17780.86,11170.72,17488.23,11501.23,9543.75
Hsa-Mir-1-P1_pri,0,0,0,0,0,0,22.49,0.70,820.45,18.64,0,47.95,0.12,3496.34,14.16,104.38,33.44,950.87,12.09,7530.25,0,349.46,5484.85,131.36,932.46,196.55,1862.70,0,46.40,1547.19,0,90.64
Hsa-Mir-1-P2_pri,0,0,0,0,0,0,0,11.23,1.93,124.37,420.29,0,0,5.73,12.39,0,3.28,0,0,32.06,0,1.73,16242.63,0,0.88,15.60,91.96,0,11.60,34.95,194.32,0
Hsa-Mir-1-P3_pri,0,0,0,0,0,0,21.91,0.70,798.73,17.91,0,45.87,0.12,3406.49,14.16,91.80,31.80,924.02,12.09,137.86,0,310.38,5148.28,131.02,906.51,190.31,1788.77,0,34.80,1513.83,0,87.08
Hsa-Mir-7-P1_pri,3.17,2.25,21.89,0,19.50,29.42,1025.04,39.31,9957.67,137.88,151.50,17.82,9.19,3.82,14.16,644.31,145.57,403.45,181.38,88.17,9.27,110.91,0.00,51.87,22.09,84.24,287.61,0.00,11.60,480.25,12.14,0.00
Hsa-Mir-7-P2_pri,12.66,4.50,21.89,0,19.50,30.16,1024.71,39.31,9668.04,137.65,146.48,17.93,9.25,3.82,14.16,653.83,145.90,409.95,173.32,102.59,9.27,112.06,0,53.55,22.01,81.12,281.30,0.00,11.60,498.26,36.43,0
Hsa-Mir-7-P4_pri,3.17,2.25,21.89,0,19.50,29.42,1024.50,38.60,9627.61,135.05,144.20,17.70,9.19,3.82,14.16,642.95,144.59,401.82,173.32,87.37,9.27,109.61,0,50.86,21.67,81.12,278.59,0,11.60,478.67,12.14,0
Hsa-Mir-8-P2a_pri,6.33,4.50,43.79,46.48,164.04,73.55,0.70,0,0.00,193.07,0,1458.69,0.12,0,177.02,47.26,12.46,461.20,44.34,114.62,0,13.85,0,995.61,646.82,93.60,0.90,0,29.00,28.59,0,0.00
Hsa-Mir-8-P2b_pri,6.33,24.72,525.47,209.14,185.83,34.57,0.45,0,0,1072.57,0,8468.71,3.22,0.00,17.70,24.82,0.98,4.07,64.49,15.23,32.44,0.87,0,1444.58,2063.71,93.60,0.90,0,11.60,31.77,12.14,0
Hsa-Mir-8-P1a_pri,3.17,6.74,233.54,116.19,543.73,242.72,3.05,0.70,7.15,1383.21,0.46,3306.72,1.07,3.82,1364.86,98.94,100.98,564.50,713.44,8.02,0,63.03,0,2945.73,1324.34,1815.77,38.77,0,638.00,111.19,145.74,58.65
Hsa-Mir-8-P1b_pri,0.00,0,80.28,69.71,13.77,4.41,6.75,9.12,6.05,398.74,10.50,1644.46,0.89,40.14,4593.77,36.38,27.87,21.15,10294.44,11.22,18032.26,19.33,0,9867.17,12510.80,29810.37,24.34,151.79,9192.94,357.41,3910.66,1016.58
Hsa-Mir-8-P3a_pri,9.50,4.50,102.18,69.71,274.16,194.92,0.02,0,1.10,218.60,0,1073.32,0,0,288.55,2.72,25.90,92.73,52.40,14.43,0,0,0,130.68,324.65,230.87,10.82,0,23.20,40.77,0,3.55
Hsa-Mir-9-P1_pri,94.97,87.65,138.67,7.75,90.62,94.88,0.16,1079.52,6736.08,8863.84,245.51,48.75,147.20,15.29,17.70,12.58,3.93,396.94,92.71,4.01,4.63,4.04,0.00,40.08,86.21,12.48,9209.82,0,0,38.12,0.00,21.33
Hsa-Mir-9-P2_pri,98.13,87.65,138.67,7.75,90.62,94.88,0.16,1078.82,6736.08,8863.75,245.51,48.75,147.20,15.29,17.70,12.58,3.93,396.94,92.71,4.01,4.63,4.04,0.00,40.08,86.17,12.48,9204.41,0,0,38.12,0.00,21.33
Hsa-Mir-9-P3_pri,94.97,92.15,138.67,7.75,90.62,94.88,0.16,1078.82,6734.71,8863.76,245.51,48.75,147.20,15.29,17.70,12.58,3.93,396.94,92.71,4.01,4.63,4.04,0.00,40.08,86.17,12.48,9205.31,0,0,38.12,0.00,21.33
Hsa-Mir-10-P1c-v1_pri,143663.90,94993.65,5240.15,2997.68,50580.26,51820.29,200.01,1.40,19.53,38737.59,1.37,58938.95,84252.46,107.05,3609.52,6352.30,1799.95,3632.65,1946.83,878.46,69.52,10441.14,112.19,2230.35,10685.63,3959.12,8104.46,2573.17,1855.99,1962.32,279.33,906.39
Hsa-Mir-10-P1c-v2_pri,143663.90,94993.65,5240.15,2997.68,50580.26,51820.29,200.01,1.40,19.53,38737.59,1.37,58938.95,84232.47,107.05,3609.52,6352.30,1799.95,3632.65,1946.83,878.46,69.52,10441.14,112.19,2226.98,10682.02,3959.12,8104.46,2573.17,1855.99,1962.32,279.33,906.39
Hsa-Mir-10-P1b-v1_pri,10348.08,6364.97,766.32,271.11,45414.87,66642.69,47.54,2.81,43.18,30850.41,2.28,58749.46,181363.17,107.05,9817.75,441.67,421.30,219.62,298.27,6.41,64.88,1486.11,698.07,3356.98,12059.55,1625.45,15195.53,4633.14,707.60,49518.55,959.45,9309.15
Hsa-Mir-10-P1b-v2_pri,10348.08,6367.22,766.32,263.36,45414.87,66642.69,47.54,2.81,43.18,30850.41,2.28,58749.46,181331.25,107.05,9817.75,441.67,421.30,219.62,298.27,6.41,64.88,1486.11,698.07,3352.26,12049.52,1625.45,15195.53,4633.14,707.60,49518.55,959.45,9309.15
Hsa-Mir-10-P2b_pri,91.80,67.43,912.28,511.23,1905.33,3148.80,130.14,1405.20,2242.15,12390.96,2299.93,1618.84,10079.01,3976.15,7539.45,4397.95,1267.18,453.06,9601.16,4.01,7832.05,14941.72,560.95,1167.38,2937.20,5902.80,2266.62,7574.94,6959.95,2461.10,1433.10,7528.36
Hsa-Mir-10-P2c_pri,0,2.25,7.30,0,0,0,90.65,2066.39,45076.56,1007.67,2245.17,79.54,62.53,3748.67,4441.53,1131.53,9825.63,16024.00,4131.48,24.85,217.81,1079.10,1919.70,14879.23,2957.93,2302.47,48245.40,412.00,6611.95,84612.55,7238.37,15337.53
Hsa-Mir-10-P2d_pri,41936.79,39023.68,4437.34,2153.37,7074.17,6262.30,1692.06,412.72,44197.80,35728.92,810.91,631.74,7112.90,885.08,1772.01,2410.29,9166.63,8001.43,3409.98,5.61,3624.06,1065.55,211.91,5191.92,6203.80,2190.15,31264.71,867.36,3514.78,22188.04,5829.56,2313.96
Hsa-Mir-10-P3b_pri,278.57,179.80,459.79,302.09,3261.21,3708.54,49.93,10320.71,1480.83,9583.84,12334.77,1763.90,13838.57,13335.40,23413.20,2991.36,1013.41,1373.02,33656.46,4.01,28788.58,6000.11,2779.82,6046.40,2109.94,17075.06,1991.63,21214.16,11130.12,2180.47,6036.02,44980.02
Hsa-Mir-10-P3c_pri,155.11,78.66,445.19,201.39,3441.30,3827.70,65.74,9535.29,1361.46,5948.27,1497.70,310.43,1323.93,3966.59,3910.46,260.78,175.41,2493.07,4603.08,0.80,3123.55,312.68,673.14,40927.38,6865.58,3151.07,3161.00,1763.63,2604.18,1494.24,3352.00,16418.09
Hsa-Mir-10-P3d_pri,297.56,227.00,445.19,201.39,3443.60,3829.90,65.81,9679.18,1358.99,6096.38,1495.87,310.48,1321.78,3987.62,3940.56,264.86,175.08,2547.57,4623.23,201.18,3142.09,320.62,673.14,41066.49,6861.20,3176.03,3168.21,1770.86,2592.58,1493.71,3352.00,16462.52
Hsa-Mir-15-P1a_pri,2098.74,719.21,43.79,30.98,331.51,239.78,54.93,25.27,42.36,1347.20,3.65,396.38,247.49,51.61,70.81,44.88,83.28,26.84,80.61,14.43,41.71,15.14,0,1049.16,498.94,81.12,515.71,231.30,17.40,76.78,12.14,46.21
Hsa-Mir-15-P1b_pri,819.87,613.57,36.49,38.73,1210.19,987.82,940.16,341.82,20.08,350.76,22.36,126.10,502.92,881.25,1175.44,1188.65,118.36,48.80,3156.05,8.82,690.52,289.03,12.47,728.52,348.78,1915.60,628.41,3447.75,411.80,148.79,655.83,998.81
Hsa-Mir-15-P1c_pri,0,22.48,0,0,17.21,19.86,1.62,14.74,172.18,328.78,1.37,27.71,24.16,80.29,605.42,43.52,1853.39,96.79,84.64,0.00,1830.57,0.72,0.00,114.18,76.83,87.36,1671.56,1423.91,29.00,13376.68,24.29,797.98
Hsa-Mir-15-P1d_pri,3.17,6.74,0,0,3.44,5.88,0.02,165.65,48.41,53.99,59.32,336.02,7.46,235.13,446.10,0,4.59,47.18,596.55,8.82,32.44,0.58,0,4642.24,260.23,786.21,281.30,1214.30,127.60,271.10,85.01,718.00
Hsa-Mir-15-P2a_pri,974.98,1179.95,1496.14,921.77,26079.34,14192.05,9460.58,1914.78,152402.28,25286.68,5202.23,6155.63,9245.54,8602.25,12584.64,4702.26,158778.91,452.25,35180.07,177.14,4838.26,646.42,4736.91,5437.11,2316.15,19361.92,210102.94,37469.91,20340.46,249267.04,94268.82,6142.12
Hsa-Mir-15-P2b_pri,1395.99,1622.71,1503.44,921.77,26085.07,14192.79,9463.30,1898.63,152392.93,25279.88,5197.21,6149.00,9251.15,8588.87,12563.40,4700.90,158748.74,449.00,35143.80,149.88,4828.99,646.28,4736.91,5410.84,2309.93,19327.61,209916.31,37404.86,20346.26,249154.26,94123.08,6145.68
Hsa-Mir-15-P2c_pri,0,0,0,0,0.00,0.74,14.56,2.11,1.38,7.58,0,0,1.19,13.38,67.27,3.06,14.43,4.88,16.12,0.80,393.92,6.92,0,17.85,2.00,9.36,9.92,159.02,5.80,17.47,0.00,31.99
Hsa-Mir-15-P2d_pri,6.33,33.71,0,0,25.24,30.89,0.21,37.20,1131.53,39.80,92.18,531.59,9.19,154.84,308.02,6.12,49.18,155.36,407.10,0,23.17,1.73,0.00,1125.28,582.81,511.66,3495.49,368.63,295.80,6608.65,182.17,515.40
Hsa-Mir-17-P1a_pri,50.65,65.18,72.98,30.98,188.12,127.98,196.24,440.09,625.72,664.45,56.13,192.26,310.92,237.04,453.18,112.54,3658.59,416.46,378.89,35.27,115.86,142.64,24.93,2672.58,901.66,708.21,2142.20,672.20,133.40,1417.46,667.97,145.73
Hsa-Mir-17-P1c_pri,0,0,0,0,1.15,0,65.67,17.55,85.54,7.11,5.93,7.39,30.79,19.12,132.77,18.02,131.80,6.51,20.15,0,4.63,4.76,0,80.16,35.88,74.88,404.82,50.60,11.60,24.89,121.45,3.55
Hsa-Mir-17-P1d_pri,142.45,173.06,94.88,7.75,138.80,111.80,76.51,77.21,113.59,272.61,4.56,100.91,148.81,40.14,143.39,112.20,267.53,45.55,173.32,11.22,55.61,12.98,0.00,834.61,853.23,240.23,861.03,267.44,11.60,152.50,145.74,42.65
Hsa-Mir-17-P2a_pri,69.64,83.16,7.30,0.00,4.59,3.68,9.19,9.12,8.25,67.43,1.37,29.86,45.41,5.73,28.32,14.96,174.09,8.95,16.12,0,4.63,2.60,0,135.73,49.63,53.04,122.62,14.46,0.00,27.00,0.00,3.55
Hsa-Mir-17-P2c_pri,0,0,0,0,0,0,0.38,0.70,0.28,2.10,0,0.53,6.09,0,1.77,0.00,3.93,0,0.00,0,0.00,0.58,0,2.36,1.55,0.00,2.70,7.23,0,1.59,0.00,0
Hsa-Mir-17-P4a_pri,88.63,141.59,29.19,38.73,196.15,112.54,1361.36,152.31,749.77,656.17,24.64,299.58,240.04,181.60,297.40,837.09,2440.92,1328.28,217.66,16.03,37.07,762.67,12.47,2742.64,1847.22,393.10,2347.76,224.07,46.40,1201.43,145.74,79.98
Hsa-Mir-17-P4c_pri,0,0,0,0,0,0,44.05,8.42,80.86,15.41,7.30,7.23,55.97,5.73,60.19,11.22,85.57,9.76,16.12,6.41,9.27,2.60,0,37.05,67.20,40.56,183.93,36.14,5.80,18.53,97.16,3.55
Hsa-Mir-17-P4d_pri,500.15,647.29,372.21,185.90,1219.37,1333.52,741.30,1070.39,547.89,2468.61,295.71,636.43,751.43,1548.40,2274.76,317.22,1168.82,287.13,2039.54,284.54,1362.50,224.99,99.72,3032.29,1449.24,3232.19,1460.59,2609.31,1270.19,292.28,1870.32,673.57
Hsa-Mir-19-P1a_pri,12.66,2.25,58.39,23.24,392.31,381.74,7.67,0,0,234.59,0,74.04,121.12,0,0.00,38.08,0.33,21.15,0,2.40,0,4.62,0,95.99,19.26,0,0,0,0,0.00,0,0
Hsa-Mir-19-P2a_pri,12.66,6.74,116.77,54.22,1218.22,1069.46,45.29,0,0,653.33,0,310.05,346.36,0,1.77,292.06,1.97,218.80,4.03,3.21,0,13.41,0,1185.23,176.83,3.12,26.15,0,0,1.06,0,0
Hsa-Mir-19-P2c_pri,12.66,6.74,116.77,54.22,1218.22,1070.93,45.31,0,0,657.52,0,310.67,347.67,0,1.77,292.06,1.97,219.62,4.03,34.47,0,13.41,0,1189.95,177.00,3.12,26.15,0,0,1.06,0,0
Hsa-Mir-21_pri,673961.08,713194.06,13312.02,7885.36,118770.81,115473.78,809.78,18.25,180.98,92644.18,0.00,24365.63,34264.61,162.49,1635.70,30232.83,643.59,88789.22,798.08,3415.26,231.72,21425.57,0.00,20636.98,30207.89,1344.66,34781.84,1062.51,110.20,1294.62,48.58,451.42
Hsa-Mir-22-P1b_pri,294.39,184.30,3605.34,2137.88,80617.09,33991.78,1389.51,795.95,4608.35,105991.76,753.41,22749.05,48858.01,44878.89,26820.91,2075.39,6838.17,12465.37,16388.88,1481.20,21707.29,3567.73,26339.74,13525.25,954.67,25670.30,13091.20,34788.33,16976.48,15835.67,8124.95,12097.63
Hsa-Mir-23-P2_pri,6.33,0.00,7.30,0.00,369.37,101.50,10.58,946.86,10344.10,441.45,2604.31,1010.25,141.29,33753.31,27114.77,382.50,6213.27,1643.07,21507.89,0.00,6135.88,339.80,6594.28,1970.00,4005.35,19443.04,12528.60,13935.57,22503.84,10667.25,3072.66,32766.87
Hsa-Mir-23-P3_pri,28.49,4.50,153.26,54.22,1544.00,1699.07,62.41,948.97,1870.29,1465.37,332.67,433.42,1985.80,20417.92,13668.03,4953.52,2101.91,470.96,30165.86,0.80,22717.58,2064.17,4500.07,7162.25,10066.56,19212.17,18548.57,27986.79,10335.53,8787.53,4165.71,15668.10
Hsa-Mir-24-P2_pri,0.00,8.99,87.58,15.49,468.02,244.93,218.61,268.83,807.80,413.55,141.46,298.32,1382.04,4150.11,4004.28,3348.36,446.87,3221.88,5570.45,0.80,3693.58,2269.40,261.78,15416.44,13647.44,3678.33,3182.64,4206.69,1142.59,977.98,449.36,2973.31
Hsa-Mir-24-P3_pri,0.00,8.99,87.58,15.49,469.16,244.20,218.56,266.72,802.85,413.41,138.73,298.11,1381.98,4125.26,3991.89,3348.36,441.96,3221.07,5546.26,0.80,3698.21,2269.40,249.31,15410.71,13633.15,3668.97,3176.33,4199.46,1136.79,971.10,449.36,2941.32
Hsa-Mir-26-P1_pri,1845.50,1854.20,2182.18,929.51,28522.66,21857.01,8655.96,3764.98,53080.59,29787.52,11496.02,40232.62,33309.90,21536.21,48033.71,81136.57,24543.26,19241.00,46711.95,214.81,8202.80,82392.72,7230.03,44787.89,14208.95,39921.88,85848.34,48030.01,21343.85,43481.76,15314.74,35777.50
Hsa-Mir-26-P2_pri,250.08,242.73,343.02,100.70,1708.03,2436.08,477.82,83.53,17231.46,2871.54,1033.15,3495.41,2375.72,2074.10,3786.54,2833.60,23557.06,3634.28,4663.54,507.36,1102.98,1066.12,872.59,6026.87,2920.53,2851.56,15802.30,6411.23,3317.58,16769.17,3752.78,2353.06
Hsa-Mir-26-P4_pri,1620.75,1849.71,2182.18,929.51,28526.10,21858.48,8656.47,3766.39,53064.64,29788.67,11494.65,40227.14,33310.14,21538.12,48023.08,81142.69,24537.36,19241.81,46699.85,222.02,8202.80,82395.61,7230.03,44794.29,14209.49,39925.00,85852.85,48015.55,21349.65,43469.58,15314.74,35786.39
Hsa-Mir-27-P2_pri,509.65,168.56,1233.41,689.39,47258.26,13386.64,266.97,36.50,357.01,17421.85,19.62,20154.30,8380.98,1324.75,1743.69,3237.52,336.06,30965.36,1084.26,0.80,319.77,7368.25,12.47,20185.66,11411.11,1179.31,2472.18,831.22,504.60,388.65,36.43,1898.09
Hsa-Mir-27-P3_pri,82.30,24.72,226.25,255.62,6047.52,3405.50,39.52,1.40,25.30,3109.22,0.46,1337.68,4360.21,252.33,483.28,2858.08,13.44,1135.51,935.13,0,931.50,558.16,0.00,11707.49,12147.92,677.01,1935.73,1069.74,69.60,114.37,12.14,248.81
Hsa-Mir-28_pri,867.35,1038.35,43.79,38.73,2915.93,1713.78,5.70,35.09,177.40,409.31,31.94,508.87,288.01,376.59,509.83,178.84,449.17,224.50,451.44,24.05,78.78,68.80,12.47,976.07,441.24,1354.02,2186.37,758.94,423.40,439.48,218.61,824.64
Hsa-Mir-29-P1b-v1_pri,0.00,2.25,0,15.49,99.80,128.72,20.69,0.70,153.20,300.19,0.46,104.96,205.97,17.20,38.95,497.77,21.31,107.37,64.49,181.14,13.90,2.02,0,1286.61,388.88,46.80,412.03,115.65,0,110.14,0.00,14.22
Hsa-Mir-29-P1b-v2_pri,0.00,2.25,0,15.49,99.80,128.72,20.73,0.70,153.20,300.19,0.46,104.96,205.97,17.20,38.95,497.77,21.31,107.37,64.49,181.14,13.90,2.02,0,1288.30,388.76,46.80,412.03,115.65,0,110.14,0.00,14.22
Hsa-Mir-29-P1d-v1_pri,0,2.25,0,15.49,99.80,130.92,20.69,0.70,153.20,302.89,0.46,105.50,206.44,17.20,38.95,497.77,21.31,107.37,64.49,407.17,13.90,2.02,0,1306.48,389.67,46.80,412.03,115.65,0.00,110.14,0,14.22
Hsa-Mir-29-P1d-v2_pri,0,2.25,0,15.49,99.80,130.92,20.73,0.70,153.20,302.88,0.46,105.50,206.44,17.20,38.95,497.77,21.31,107.37,64.49,407.17,13.90,2.02,0,1308.17,389.55,46.80,412.03,115.65,0.00,110.14,0,14.22
Hsa-Mir-29-P2b_pri,136.12,60.68,503.58,263.36,8142.12,5556.19,9.12,20.36,380.93,4359.81,26.92,1216.65,2767.67,942.42,1683.50,1458.62,54.10,1992.83,2793.28,3969.91,430.99,24.09,74.79,14264.21,5081.22,1222.99,3006.83,2977.93,365.40,294.93,170.03,1928.30
Hsa-Mir-29-P2d_pri,3.17,0.00,21.89,7.75,78.00,69.14,2.70,2.81,33.83,139.90,0.91,405.90,10.38,63.08,61.96,46.24,1.97,46.36,56.43,3044.16,4.63,0.58,0.00,3119.53,369.04,62.40,301.13,79.51,5.80,29.12,0.00,31.99
Hsa-Mir-30-P1b_pri,6.33,775.39,51.09,23.24,401.49,8.09,17.85,94.05,467.02,30492.33,47.92,3926.00,13258.79,1236.81,7583.71,267.92,186.55,4634.76,2442.61,560.26,570.03,974.11,62.33,3369.44,8791.26,1347.78,2518.16,672.20,208.80,491.90,12.14,353.67
Hsa-Mir-30-P1d_pri,721.74,1539.55,1291.79,821.07,15927.49,12906.34,3730.73,40.01,231.86,7460.71,9.58,4841.36,6085.03,475.99,449.64,11089.58,507.53,2037.57,201.54,48.09,78.78,9393.04,0.00,1606.58,6105.47,433.66,944.87,260.21,34.80,223.98,97.16,115.52
Hsa-Mir-30-P1a_pri,7682.71,8154.00,1218.81,875.29,5056.42,4865.53,4048.15,4645.86,3373.13,8756.76,2313.62,5363.00,18895.20,21121.39,25856.13,16476.94,3991.04,6928.55,36445.72,349.46,46811.57,34044.67,3390.63,8122.49,9326.76,18288.69,3371.98,13313.96,8792.74,2004.68,6108.89,5424.12
Hsa-Mir-30-P2b_pri,810.37,1020.37,255.44,178.16,1493.53,1586.54,147.15,16.85,177.13,4396.59,8.21,1160.64,2180.91,86.02,396.53,2511.27,99.34,2459.72,471.59,8.82,37.07,4608.90,49.86,4261.99,2819.47,174.71,1333.46,260.21,92.80,171.03,72.87,115.52
Hsa-Mir-30-P2d_pri,838.86,1051.84,255.44,178.16,1493.53,1585.80,147.10,16.85,177.13,4395.22,8.21,1160.50,2179.60,86.02,396.53,2510.25,99.67,2458.10,475.62,8.82,37.07,4607.03,49.86,4239.76,2818.36,174.71,1334.36,260.21,92.80,171.03,72.87,115.52
Hsa-Mir-30-P2a_pri,2867.96,2739.73,72.98,30.98,2333.20,1817.49,71.89,2.81,21.73,1009.53,1.37,1134.98,1491.71,9.56,35.40,2767.63,15.41,453.06,193.47,1.60,55.61,364.89,12.47,1637.90,1126.12,59.28,433.67,28.91,17.40,31.77,12.14,19.55
Hsa-Mir-31_pri,2690.69,3589.29,2955.79,1611.15,44992.73,92467.88,0.07,9.83,366.91,6776.72,821.86,4.05,451.19,43.97,755.89,27.20,0.66,0,249.90,16.03,203.91,0.87,0,5.39,7.79,4511.33,262.36,209.61,1629.79,717.47,85.01,143.96
Hsa-Mir-32_pri,63.31,38.21,0,0,66.53,50.75,4.78,0.00,2.48,33.03,0.00,47.08,20.88,0.00,0.00,38.08,2.30,81.34,0.00,0.80,0,2.74,0,71.74,63.22,0.00,13.52,0.00,0,0.53,0,0.00
Hsa-Mir-33-P1_pri,0,0.00,0.00,0,6.88,5.88,0.00,0.00,0.00,1.74,0.00,1.27,22.85,0.00,0.00,0.00,0.33,0.00,0.00,0,0.00,0,0,9.43,2.11,0.00,0,0,0,0.00,0.00,0.00
Hsa-Mir-33-P3_pri,0.00,0.00,0,0.00,8.03,9.56,0.02,0.00,1.10,15.60,0.00,7.93,17.54,0.00,0.00,1.36,1.31,0.81,0.00,53.70,0.00,1.59,0,43.45,16.78,0.00,0.00,0.00,0.00,1.06,0.00,0
Hsa-Mir-34-P1_pri,28.49,85.41,14.60,23.24,137.65,145.63,0.07,30.18,342.15,348.93,203.98,106.90,455.91,458.79,626.67,1.02,161.31,84.59,1007.68,4.01,106.59,0,62.33,930.94,113.50,539.74,488.67,318.03,609.00,379.65,230.75,318.12
Hsa-Mir-34-P2a_pri,0,0,0,0,1.15,0.00,0,0,0.00,18.43,0.00,1.04,1.67,0,0,0.00,0,0,4.03,0,0.00,0,0,19.53,0.91,0,0.90,0,0,4.24,0,0
Hsa-Mir-34-P2b_pri,31.66,56.19,7.30,0,6.88,7.36,0.12,6.32,5.23,335.08,0.46,9.68,30.37,0,5.31,4.08,0,4.88,294.24,56.11,4.63,0.14,0,29.64,253.61,6.24,85.65,0,0,272.69,0,1.78
Hsa-Mir-34-P3a-v1_pri,6.33,22.48,14.60,0,24.09,50.02,0.02,4.91,0.00,41.25,0.91,0.15,0.48,0,0,0.34,0,0,76.58,0,0,0.58,0,0,0.18,0,0,0,0,16.94,0,5.33
Hsa-Mir-34-P3a-v2_pri,6.33,22.48,14.60,0,24.09,50.02,0.02,4.91,0.00,41.25,0.91,0.15,0.48,0,0,0.34,0,0,76.58,0,0,0.58,0,0,0.18,0,0,0,0,17.47,0,5.33
Hsa-Mir-34-P3b_pri,0.00,2.25,0,0,8.03,6.62,0,0,0,6.97,1.37,0,0.06,0,0,0,0,0,4.03,0,0,0.00,0,0,0.09,0,0,0,0,1.06,0,0.00
Hsa-Mir-34-P3c_pri,0.00,8.99,7.30,0,45.88,35.31,0,22.46,2.75,25.61,4.11,0.24,0.24,1.91,10.62,0,1.31,0,161.23,1.60,0,0,12.47,4.04,0.87,0,3.61,0,0,1288.27,0,8.89
Hsa-Mir-92-P1a_pri,360.87,121.37,3809.69,2703.33,39708.04,28122.25,26490.82,6267.25,61.61,17817.77,156.52,4686.70,12388.98,3517.36,5225.75,10050.18,853.75,4093.03,3760.66,472.09,4944.85,20407.62,610.81,8936.22,1556.41,7531.37,728.49,5753.48,1571.79,273.75,5926.72,3042.63
Hsa-Mir-92-P1c_pri,345.04,110.13,3671.02,2517.43,37230.30,26229.00,23723.70,5499.37,55.01,16110.89,140.55,4168.45,11482.66,3251.65,4731.85,8995.83,737.36,3692.03,3401.92,69.73,4360.92,17904.86,560.95,8189.18,1414.26,6832.52,659.97,5074.05,1345.59,231.92,4627.21,2822.25
Hsa-Mir-92-P1d_pri,85.47,22.48,2065.41,1463.98,2188.67,4634.57,53.10,24710.33,1107.05,9463.07,3348.14,404.80,6669.58,1013.15,1547.19,38.76,55.08,14.64,1334.17,4.01,699.79,222.54,137.12,42.10,44.05,1113.79,1957.37,563.78,1009.19,191.15,510.09,1752.35
Hsa-Mir-92-P2a_pri,0,0,0,0,0,0,0,0,0,0.23,0,0,0,0,0,0,0,0,0,0,0,0,0,0,0.02,0,0,0,0,0,0,0
Hsa-Mir-92-P2c_pri,0,0,0,0,0,0,2308.09,18.95,173.55,340.04,13.23,64.42,436.40,72.64,377.06,1165.87,212.45,47.18,153.17,3.21,37.07,293.79,0,94.98,145.78,190.31,259.66,404.77,58.00,41.83,607.25,40.88
Hsa-Mir-92-P2d_pri,88.63,29.22,824.70,542.22,8097.38,8404.90,6114.06,16.85,44.01,3315.12,9.58,942.55,3412.95,84.11,109.75,2715.61,151.47,1042.78,253.93,9.62,32.44,1841.48,0.00,2794.51,627.61,199.67,285.81,332.49,92.80,79.95,121.45,63.98
Hsa-Mir-95_pri,0,0.00,0,0,48.18,32.36,0.26,14.74,632.60,30.21,75.30,12.38,0.42,32.50,74.35,55.08,20.33,78.09,44.34,0,0,3.03,623.28,69.72,105.59,65.52,52.29,831.22,52.20,49.24,36.43,24.88
Hsa-Mir-96-P1_pri,41.15,38.21,0,7.75,274.16,446.47,1002.92,0,0.83,78.59,0,9.67,0.66,0,3.54,153.00,2.62,4.07,0,10.42,0,65.05,0,221.62,114.67,12.48,13.52,0,0,25.42,0,0
Hsa-Mir-96-P2_pri,4621.66,6169.44,3349.90,2269.56,17842.01,27449.24,12221.27,1.40,17.60,6620.16,0.46,1639.37,123.93,13.38,38.95,1110.45,46.56,32.54,40.31,2.40,4.63,1201.84,0,453.35,2293.05,71.76,366.95,7.23,69.60,205.97,218.61,0
Hsa-Mir-96-P3-v1_pri,13497.77,13116.52,686.04,495.74,777.73,1272.47,5355.71,2.11,5.50,784.95,0.46,165.92,13.13,34.41,154.01,297.50,11.48,10.57,108.83,0,27.81,106.01,24.93,265.07,597.34,99.84,100.98,14.46,214.60,70.95,534.38,14.22
Hsa-Mir-96-P3-v2_pri,13507.27,13118.77,686.04,495.74,777.73,1272.47,5351.66,2.11,5.50,784.89,0.46,165.92,13.13,34.41,154.01,296.48,11.48,10.57,108.83,0,27.81,106.01,24.93,264.06,593.13,99.84,100.98,14.46,214.60,70.42,522.23,14.22
Hsa-Mir-101-P1-v2_pri,6.33,17.98,145.97,61.97,549.46,392.04,2137.96,0,0.55,1255.97,0,1568.42,903.04,3.82,3.54,3139.26,1.97,6046.01,0,2.40,0,785.89,0,2085.52,7097.65,0,53.19,0,0,3.71,0,5.33
Hsa-Mir-101-P1-v1_pri,6.33,15.73,145.97,61.97,549.46,392.04,2137.98,0,0.55,1255.96,0,1568.42,890.10,3.82,3.54,3139.26,1.97,6046.01,0,2.40,0,785.89,0,2075.76,7094.02,0,53.19,0,0,3.71,0,5.33
Hsa-Mir-101-P2-v2_pri,6.33,8.99,145.97,61.97,568.96,407.48,2191.76,0.70,0.55,1286.76,0,1615.24,916.35,3.82,5.31,3264.04,2.95,6137.92,4.03,36.87,0,801.03,0,2161.31,7578.85,0,61.31,0,0,5.29,0,5.33
Hsa-Mir-101-P2-v1_pri,6.33,6.74,145.97,61.97,568.96,407.48,2191.78,0.70,0.55,1286.76,0,1615.24,903.40,3.82,5.31,3264.04,2.95,6137.92,4.03,36.87,0,801.03,0,2151.54,7575.50,0,61.31,0,0,5.29,0,5.33
Hsa-Mir-103-P1_pri,12.66,6.74,87.58,77.46,1231.99,1230.54,72.38,586.09,574.57,506.14,296.62,232.17,311.28,512.31,1322.37,34.00,448.51,319.67,673.13,630.79,111.22,22.21,24.93,2490.70,89.81,667.65,901.60,1460.05,174.00,143.49,206.46,154.62
Hsa-Mir-103-P2_pri,69.64,35.96,510.88,371.80,12197.12,10365.09,1380.52,2232.74,2309.54,4097.04,1236.21,1399.61,2107.16,1888.67,3034.19,1959.78,1024.89,3295.90,3232.63,641.21,1028.83,1543.95,99.72,10508.11,7259.71,3434.98,4639.62,7126.80,1119.39,750.83,850.14,908.17
Hsa-Mir-103-P4_pri,69.64,35.96,510.88,371.80,12178.77,10340.08,1379.42,2225.02,2304.31,4074.57,1233.02,1396.07,2093.38,1884.85,3027.11,1941.76,1023.25,3286.14,3224.57,641.21,1028.83,1533.99,99.72,10486.89,7257.47,3422.50,4638.72,7126.80,1119.39,748.71,850.14,908.17
Hsa-Mir-105-P1_pri,0,0,0,0,0,0,0,143.19,7.43,10.34,8.21,0,0,0,0,0,0.00,0,0,0,0,0,0,0.67,0.21,9.36,14.43,0,0,3.71,0,1.78
Hsa-Mir-105-P2_pri,0,0,0,0,0,0,0,143.19,7.43,10.34,8.21,0,0,0,0,0,0.00,0,0,0,0,0,0,0.67,0.21,9.36,14.43,0,0,3.71,0,1.78
Hsa-Mir-122_pri,0.00,0,14.60,0,0,0,3.21,87.04,226.91,0.99,7.76,14.35,0.06,137.64,246.06,12.24,306354.84,218560.02,2543.38,707.74,4.63,921.46,62.33,0,1.09,9.36,109.09,14.46,40.60,65.13,655.83,17.77
Hsa-Mir-124-P1-v1_pri,0,0,0,0,0,0,0,12536.60,4534.36,300.89,10889.09,0.83,0,5.73,33.63,0,0.66,13.01,68.52,0,4.63,0,0,5.39,6.88,28.08,449.00,7.23,0,9.53,0,12.44
Hsa-Mir-124-P1-v2_pri,0,0,0,0,0,0,0,12536.60,4534.36,300.89,10889.09,0.83,0,5.73,33.63,0,0.66,13.01,68.52,0,4.63,0,0,5.39,6.95,28.08,449.00,7.23,0,9.53,0,12.44
Hsa-Mir-124-P2-v1_pri,0,0,0,0,0,0,0,12536.60,4534.36,300.91,10889.09,0.83,0,5.73,33.63,0,0.66,13.01,68.52,0,4.63,0,0,5.39,6.88,28.08,449.00,7.23,0,9.53,0,12.44
Hsa-Mir-124-P2-v2_pri,0,0,0,0,0,0,0,12536.60,4534.36,300.91,10889.09,0.83,0,5.73,33.63,0,0.66,13.01,68.52,0,4.63,0,0,5.39,6.95,28.08,449.00,7.23,0,9.53,0,12.44
Hsa-Mir-124-P3-v1_pri,0,0,0,0,0,0,0,12536.60,4534.36,300.89,10889.09,0.83,0,5.73,33.63,0,0.66,13.01,68.52,0,4.63,0,0,5.39,6.88,28.08,449.00,7.23,0,9.53,0,12.44
Hsa-Mir-124-P3-v2_pri,0,0,0,0,0,0,0,12536.60,4534.36,300.89,10889.09,0.83,0,5.73,33.63,0,0.66,13.01,68.52,0,4.63,0,0,5.39,6.95,28.08,449.00,7.23,0,9.53,0,12.44
Hsa-Mir-126-P2-v2_pri,37.99,29.22,167.86,108.44,494.40,453.09,90.67,2.81,596.57,12106.26,2.28,3379.13,276.01,512.31,251.37,588.55,1083.25,645.03,443.38,4.81,46.34,679.88,0.00,1930.93,1116.62,221.51,2116.95,491.50,34.80,847.20,48.58,131.52
Hsa-Mir-126-P2-v1_pri,0.00,2.25,29.19,23.24,149.12,134.60,671.48,96.16,6642.57,3223.36,57.50,1052.65,20.29,3291.79,4314.08,1434.48,12635.39,16067.11,16138.98,0.00,1543.24,4947.69,473.69,13654.59,17062.20,3756.33,10245.76,12280.36,1432.59,12295.98,1032.32,2539.67
Hsa-Mir-126-P2-v3_pri,0.00,2.25,29.19,23.24,149.12,134.60,671.48,96.16,6642.57,3223.36,57.50,1052.65,20.29,3291.79,4314.08,1434.48,12635.39,16067.11,16138.98,0.00,1543.24,4947.69,473.69,13639.77,17051.18,3756.33,10245.76,12280.36,1432.59,12295.98,1032.32,2539.67
Hsa-Mir-127_pri,0,0,58.39,0,1.15,0,51.43,635.92,691.46,7488.26,3173.36,1127.15,497.61,256.16,309.79,517.15,4084.81,85.41,257.97,1.60,1478.36,9220.83,199.45,955.19,610.19,496.06,412.03,2334.64,678.60,361.65,327.91,675.35
Hsa-Mir-128-P1_pri,25.32,11.24,175.16,147.17,3412.62,2672.92,39.33,3013.25,3226.26,1304.93,362.33,51.08,599.52,40.14,70.81,217.94,71.15,771.92,124.95,12.02,0,322.49,62.33,93.97,43.76,93.60,346.21,86.74,29.00,84.72,437.22,46.21
Hsa-Mir-128-P2_pri,31.66,11.24,175.16,154.92,3514.72,2785.45,40.55,4347.56,3292.54,1174.02,393.36,57.16,545.23,61.17,97.36,262.14,82.29,1065.56,124.95,141.07,0.00,407.58,62.33,127.31,53.89,118.56,409.33,130.10,29.00,98.49,473.65,58.65
Hsa-Mir-129-P1_pri,0,0,0,0,0,0,0.02,71.59,164.48,32.08,171.13,0.61,0.72,0,3.54,0,0.00,3.25,0.00,116.22,0,0,0,0.67,1.02,21.84,49.59,0.00,5.80,115.96,0.00,5.33
Hsa-Mir-129-P2_pri,0,0,0,0,0,0,0.00,2570.35,1165.63,65.79,1233.48,2.14,1.91,0,33.63,0.00,0.98,6.51,24.18,7.21,0,0,0,4.38,3.32,84.24,54.10,14.46,46.40,169.97,12.14,37.32
Hsa-Mir-130-P1c_pri,3.17,2.25,72.98,23.24,443.93,348.64,13.86,416.93,746.47,1596.94,198.51,258.10,957.10,540.99,1492.31,7.14,4468.73,17.08,1757.39,220.42,519.05,10.96,12.47,924.54,441.48,1169.95,2242.27,1279.35,574.20,1864.89,971.59,1338.26
Hsa-Mir-130-P2a_pri,3.17,4.50,29.19,30.98,980.77,545.03,0.05,0,0,495.96,0,16.46,123.75,0,0,0,0,0.00,0,0,0,0.58,0,1.35,0.36,0,0,0,0,0,0,0
Hsa-Mir-130-P2b_pri,3.17,8.99,102.18,61.97,1355.87,701.70,0.59,1.40,1.38,1465.40,0,110.04,371.30,0,1.77,1.36,6.56,0,4.03,0,0,2.16,0,20.55,4.30,0,2.70,0,0,1.06,0,0
Hsa-Mir-130-P3b_pri,0.00,0.00,36.49,7.75,221.39,152.25,65.20,8.42,533.03,385.02,46.09,84.82,209.07,51.61,72.58,26.18,358.35,12.20,76.58,0,9.27,13.56,0,59.95,35.86,106.08,741.11,28.91,34.80,167.32,60.72,23.10
Hsa-Mir-130-P4a_pri,41.15,26.97,58.39,38.73,63.09,85.32,8.16,50.54,3.30,231.16,5.02,11.94,108.00,3.82,5.31,97.58,7.87,77.27,8.06,0.80,55.61,1148.33,0,35.03,3.82,65.52,31.56,28.91,58.00,3.18,24.29,23.10
Hsa-Mir-132-P1_pri,0.00,0.00,0,7.75,42.44,38.98,2.23,85.63,631.22,120.56,39.70,65.26,213.48,38.23,100.90,24.14,9.51,13.01,124.95,0,9.27,10.38,0,108.45,51.87,106.08,161.39,144.56,23.20,66.19,109.30,136.85
Hsa-Mir-132-P2_pri,0,0,0,0,0,1.47,0.59,0.00,1.65,23.23,0.00,2.64,40.81,0.00,0.00,7.14,0.00,1.63,0,0,0,16.15,0,5.05,1.15,3.12,0.90,0.00,0,0.00,0.00,1.78
Hsa-Mir-133-P1-v1_pri,0,8.99,7.30,0,1.15,0,0.05,0,0.28,581.46,0,419.98,1.01,735.97,0,14.62,0,56.94,20.15,0.80,0,2.60,922.45,121.25,23.03,68.64,26.15,0,40.60,1.59,12.14,40.88
Hsa-Mir-133-P1-v2_pri,0,8.99,7.30,0,1.15,0,0.05,0,0.28,581.46,0,419.98,1.01,735.97,0,14.62,0,56.94,20.15,0.80,0,2.60,922.45,121.25,23.04,68.64,26.15,0,40.60,1.59,12.14,40.88
Hsa-Mir-133-P2-v1_pri,0,0,0,0,0,0,0.02,0,0,48.93,0,9.46,0,53.53,0,3.40,0,1.63,4.03,0,0,0,62.33,1.68,1.53,21.84,8.11,0,0,0.53,12.14,3.55
Hsa-Mir-133-P2-v2_pri,0,0,0,0,0,0,0.02,0,0,48.93,0,9.46,0,53.53,0,3.40,0,1.63,4.03,0,0,0,62.33,1.68,1.53,21.84,8.11,0,0,0.53,12.14,3.55
Hsa-Mir-133-P3-v1_pri,0,8.99,7.30,0,1.15,0,0.05,0,0.28,581.46,0,419.98,1.01,735.97,0,14.62,0,56.94,20.15,0.80,0,2.60,922.45,121.25,23.03,68.64,26.15,0,40.60,1.59,12.14,40.88
Hsa-Mir-133-P3-v2_pri,0,8.99,7.30,0,1.15,0,0.05,0,0.28,581.46,0,419.98,1.01,735.97,0,14.62,0,56.94,20.15,0.80,0,2.60,922.45,121.25,23.04,68.64,26.15,0,40.60,1.59,12.14,40.88
Hsa-Mir-134_pri,0,0,7.30,0,2.29,0,0.99,202.85,168.88,73.18,438.08,4.76,2.63,40.14,77.89,11.22,518.67,8.13,28.21,0,88.05,141.77,49.86,40.75,54.88,84.24,32.46,72.28,81.20,108.55,36.43,37.32
Hsa-Mir-135-P1_pri,0,0,0,0,0,0,0.00,2.81,9.90,330.60,0.00,0.75,0,0,17.70,1.36,0.00,2.44,0,9.62,0,0.29,0,3.70,1.62,0,109.09,0,0,20.12,0,1.78
Hsa-Mir-135-P2_pri,0,0,0,0,0,0,0.00,2.81,9.90,330.42,0,0.75,0,0.00,17.70,1.36,0,2.44,0,9.62,0,0.29,0,3.70,1.62,0,109.09,0,0,20.12,0,1.78
Hsa-Mir-135-P4_pri,408.35,642.79,0,0,49.33,15.45,0,23.16,2.48,59.60,7.30,2.13,1.85,0,19.47,0,6.89,4.07,12.09,3.21,18.54,0,12.47,20.55,4.80,0,44.18,7.23,0,562.33,0,3.55
Hsa-Mir-136-v1_pri,0,0,0,0,0,0,0.52,0.00,1.10,755.89,0.00,102.96,16.23,0,0.00,57.80,12.46,109.81,0,11.22,4.63,111.05,0,33.01,16.60,0,9.02,0.00,0,1.06,0,0
Hsa-Mir-136-v2_pri,0,0,0,0,0,0,0.21,0.00,1.65,81.16,0.00,43.56,1.55,0,0.00,6.46,17.05,11.39,0,40.88,0.00,34.04,0,102.73,25.86,0,2.70,0.00,0,2.65,0,0
Hsa-Mir-137-P1-v1_pri,0,0,0,0,0,0,0,68.08,487.38,58.38,0,1.23,1.85,0,0,0,18.36,0,4.03,0.80,0,0,0,2.36,3.93,12.48,302.04,0,0,2.12,0,1.78
Hsa-Mir-137-P1-v2_pri,0,0,0,0,0,0,0,68.08,487.38,58.38,0,1.23,1.85,0,0,0,18.36,0,4.03,0.80,0,0,0,2.36,3.92,12.48,302.04,0,0,2.12,0,1.78
Hsa-Mir-138-P1_pri,0,2.25,0,0,11.47,5.88,0,4292.81,3246.89,1116.38,515.20,18.06,94.57,32.50,1320.60,1.02,5.25,3.25,616.70,4.01,208.55,0,0,8.76,10.57,215.27,3404.43,469.82,5.80,21.71,24.29,8.89
Hsa-Mir-138-P2_pri,3.17,4.50,0,0,11.47,5.15,0,3965.72,3024.10,1087.91,470.48,17.33,93.08,30.59,1244.48,0.68,4.26,0.81,580.42,0,194.64,0,0,4.38,9.27,196.55,3032.07,448.14,5.80,19.59,24.29,1.78
Hsa-Mir-139_pri,0,11.24,7.30,0,1.15,8.09,0.45,16204.02,16700.08,33.57,1056.87,24.92,0.18,6908.56,6780.02,22.78,1508.48,338.37,3164.11,0.80,1102.98,24.95,1657.92,578.98,143.07,5403.62,1282.07,47827.63,2656.38,781.54,2307.53,5607.17
Hsa-Mir-140-P2-v1_pri,3.17,0.00,65.68,7.75,872.94,607.55,1889.98,110.90,42.91,738.21,23.27,340.90,376.85,378.50,748.81,4272.49,19.34,787.37,1084.26,8.02,222.45,618.30,12.47,1156.27,8309.18,770.61,706.85,2811.69,75.40,65.66,36.43,840.63
Hsa-Mir-140-P2-v2_pri,3.17,0.00,65.68,7.75,872.94,607.55,1889.93,110.90,42.91,738.20,23.27,340.90,376.49,378.50,748.81,4272.15,19.34,787.37,1084.26,8.02,222.45,618.15,12.47,1152.22,8306.97,770.61,706.85,2811.69,75.40,65.66,36.43,840.63
Hsa-Mir-142-P2-v1_pri,22.16,8.99,36.49,7.75,44.74,30.89,1853.39,0.00,42.36,3381.25,0.46,3530.28,0.36,3.82,19.47,16525.56,249.17,276.56,60.46,36.07,9.27,1815.81,0,209.83,186.37,74.88,458.91,462.59,34.80,102.19,230.75,8.89
Hsa-Mir-142-P2-v2_pri,0.00,0.00,0.00,0.00,1.15,0.00,8.44,1.40,8.25,55.58,0.00,251.70,0.00,7.65,38.95,340.00,135.73,200.91,205.57,15.23,13.90,38.94,0,423.37,675.70,202.79,166.80,997.46,5.80,12.18,24.29,14.22
Hsa-Mir-142-P2-v3_pri,0.00,0.00,0.00,0.00,1.15,0.00,8.44,1.40,8.25,55.58,0.00,251.70,0.00,7.65,38.95,340.00,135.73,200.91,205.57,15.23,13.90,38.94,0,423.37,675.63,202.79,166.80,997.46,5.80,12.18,24.29,14.22
Hsa-Mir-142-P2-v4_pri,22.16,8.99,36.49,7.75,44.74,30.89,1853.39,0.00,42.36,3381.25,0.46,3530.28,0.36,3.82,19.47,16525.56,249.17,276.56,60.46,36.07,9.27,1815.81,0,211.85,191.90,74.88,458.91,462.59,34.80,102.19,230.75,8.89
Hsa-Mir-143_pri,0,2.25,80.28,7.75,16.06,7.36,605.15,47.73,3618.47,11058.78,52.93,140416.45,73.45,3402.67,2802.29,20431.53,2524.85,12791.54,2269.29,508.96,1251.27,6606.87,124.66,25615.36,90787.05,16884.75,18256.45,2182.85,4199.17,23876.61,218.61,9428.23
Hsa-Mir-144-v2_pri,0.00,0,7.30,0,0,0.74,634.61,0,0.28,196.14,0,59.15,0.00,0,3.54,137.02,18.03,54.50,0.00,0.00,4.63,23.36,0,276.52,74.03,0,9.02,0,0,0,0,0
Hsa-Mir-144-v1_pri,0.00,0,7.30,0,0,0.74,634.61,0,0.28,196.14,0,59.15,0.00,0,3.54,137.02,18.03,54.50,0.00,0.00,4.63,23.36,0,276.52,74.03,0,9.02,0,0,0,0,0
Hsa-Mir-145_pri,3.17,2.25,0.00,7.75,16.06,24.27,29.95,38.60,78.39,148.01,34.23,1190.25,0.42,995.95,1417.96,493.69,66.56,608.42,5840.50,1631.89,3026.23,52.93,137.12,2017.82,2779.42,31367.19,1421.82,3765.78,28112.40,1194.55,303.62,13222.62
Hsa-Mir-146-P1_pri,18.99,26.97,43.79,0,129.62,146.37,1537.26,2.11,253.59,1350.14,2.28,2738.74,501.91,40.14,403.61,97949.77,275.40,4711.22,761.80,10.42,13.90,22330.59,0,483.66,4304.66,324.47,707.75,332.49,110.20,132.90,36.43,115.52
Hsa-Mir-146-P4_pri,3.17,0,0,0,8.03,14.71,468.41,19.65,149.62,934.76,11.86,734.18,93959.75,74.55,355.82,20003.47,132.13,375.79,818.23,8.82,13.90,44762.87,0,844.72,1909.44,630.21,403.01,1597.39,1362.99,119.67,765.13,71.09
Hsa-Mir-147-v1_pri,0.00,0.00,0,0,32.12,13.24,0.02,0,0.28,6.10,0,79.96,0.42,0,0,0.00,0.66,0,0,0,0,0.00,0,2.69,0.48,3.12,0.90,0,0,9.00,0,0
Hsa-Mir-147-v2_pri,0.00,0.00,0,0,32.12,13.24,0.02,0,0.28,6.10,0,79.96,0.42,0,0,0.00,0.66,0,0,0,0,0.00,0,2.69,0.48,3.12,0.90,0,0,9.00,0,0
Hsa-Mir-148-P1_pri,34.82,11.24,510.88,271.11,870.65,587.69,538.47,0,4.13,4318.23,0,16289.64,14863.27,5.73,10.62,7642.95,300.65,109356.06,12.09,1245.56,0,5702.00,0,5466.42,15161.94,31.20,80.24,14.46,0.00,122.84,0.00,1.78
Hsa-Mir-148-P4_pri,3.17,2.25,51.09,61.97,211.07,116.95,192.72,2.11,9.35,196.70,0.46,165.50,504.06,3.82,38.95,602.83,16.72,934.60,40.31,16.03,37.07,843.00,0,597.84,1159.44,12.48,34.26,50.60,40.60,18.53,0,24.88
Hsa-Mir-148-P3_pri,0,0,0,0,1.15,0.74,17.33,3.51,62.71,41.92,7.76,19.40,51.73,66.91,38.95,161.16,63.60,438.42,28.21,0.80,9.27,329.99,0,1616.68,1937.71,59.28,234.42,28.91,69.60,162.03,12.14,53.32
Hsa-Mir-149_pri,28.49,24.72,65.68,30.98,120.45,172.85,0,34468.12,2492.17,508.97,10321.41,18.93,45.76,1261.66,1044.44,0.68,31.15,8.95,1620.35,0,13949.39,0.58,299.17,475.91,197.27,1850.08,672.59,643.29,2111.19,862.55,12242.07,2463.25
Hsa-Mir-150_pri,0,0,0,0,1.15,1.47,115.09,30.88,9.63,1754.95,8.67,301.02,0.12,386.15,215.97,41733.48,4.92,87.85,3313.25,0,83.42,73.41,62.33,414.28,261.39,2065.36,77.54,19089.13,1072.99,11.65,1809.59,712.67
Hsa-Mir-151_pri,1652.40,2103.68,1379.37,650.66,21821.30,25367.69,5898.22,885.80,7710.01,5804.35,1402.78,1701.80,5547.92,1846.62,3857.35,4358.17,2379.61,100.05,3599.43,15.23,1186.39,28632.14,349.04,1611.30,826.41,2951.40,5573.68,4112.73,1455.79,3189.16,607.25,2417.04
Hsa-Mir-153-P2_pri,0.00,0.00,14.60,0,128.48,91.21,0.00,0.70,36.03,569.49,0,21.34,1.31,0,0,0.68,0,0.81,0,0.80,0,0.00,0,1.01,1.07,0,11.72,0,0,6.88,0,0
Hsa-Mir-153-P1_pri,0.00,2.25,14.60,0,128.48,91.21,0,0.70,36.03,569.49,0,21.34,1.31,0,0,0.68,0,0.81,0,0.80,0,0,0,1.01,1.07,0,11.72,0,0,6.88,0,0
Hsa-Mir-154-P1_pri,0,0,0,0,0,0,5.84,9.83,1027.56,17.27,51.57,3.88,1.25,15.29,15.93,90.78,1743.89,109.81,36.28,0.00,4.63,254.42,0,97.34,600.37,6.24,190.24,0,5.80,318.76,0,17.77
Hsa-Mir-154-P2-v1_pri,6.33,8.99,29.19,0,14.91,2.94,0.96,9.12,1704.44,1953.84,33.31,261.48,70.47,1.91,12.39,43.52,4391.35,100.05,76.58,0,27.81,118.41,12.47,125.29,131.42,28.08,380.47,7.23,11.60,1310.50,24.29,21.33
Hsa-Mir-154-P2-v2_pri,6.33,8.99,29.19,0,14.91,2.94,0.96,9.12,1704.44,1953.84,33.31,261.48,70.47,1.91,12.39,43.52,4391.35,100.05,76.58,0,27.81,118.41,12.47,125.29,131.42,28.08,380.47,7.23,11.60,1310.50,24.29,21.33
Hsa-Mir-154-P3-v1_pri,0,0,0,0,0,0,0,1.40,1.65,51.10,0.00,7.93,1.13,1.91,1.77,0.00,5.25,4.88,0.00,0.80,4.63,0.14,0.00,9.43,5.92,3.12,0.00,0.00,0.00,0.53,0.00,0.00
Hsa-Mir-154-P3-v2_pri,0,0,0,0,0,0,0,180.39,95.72,12.26,153.79,1.03,0.84,108.96,159.32,0.68,376.71,1.63,133.01,4.01,838.82,0.14,74.79,16.50,11.33,483.58,108.19,780.62,23.20,143.49,24.29,566.94
Hsa-Mir-154-P4_pri,0,0,0,0,0,0,0.05,0,6.05,12.52,0,0.40,0.36,0,0,5.10,6.89,0.00,0,0,0,0.58,0,0,0.66,0,6.31,0,0,2.65,0,0
Hsa-Mir-154-P5_pri,0,0,0,0,0,0,0.02,0.00,0.00,17.50,0.00,0.31,0.12,0,0.00,2.04,0.00,0,0,0,0,3.46,0,0,0.25,0,0,0,0,0,0,0
Hsa-Mir-154-P6a-v1_pri,0,0,0,0,0,0,0.21,47.03,295.40,54.43,31.49,2.82,1.01,1.91,5.31,9.52,320.65,9.76,4.03,4.01,27.81,94.47,0,5.73,3.35,6.24,80.24,28.91,5.80,15.36,0,8.89
Hsa-Mir-154-P6a-v2_pri,0,0,0,0,0,0,0.21,47.03,295.40,54.43,31.49,2.82,1.01,1.91,5.31,9.52,320.65,9.76,4.03,4.01,27.81,94.47,0,5.73,3.35,6.24,80.24,28.91,5.80,15.36,0,8.89
Hsa-Mir-154-P6b_pri,0,0,0,0,0,0,0.63,12.63,33.83,32.90,5.02,1.18,0.42,0,1.77,28.56,36.06,3.25,0,6.41,0,479.26,0,2.36,1.01,0.00,20.74,0,0,2.12,0,0
Hsa-Mir-154-P7_pri,3.17,2.25,0,0,0,0,0.23,0.70,2.48,71.56,0.46,1.42,1.49,0,1.77,8.16,10.16,8.13,0,0,0.00,22.36,0,10.10,2.98,0,0.90,0,0,1.06,0,0
Hsa-Mir-154-P8a_pri,0,2.25,0,0,0,0,0,8.42,27.23,11.26,8.21,0.37,0.18,0,0,5.78,22.29,4.88,12.09,3.21,4.63,13.12,0,8.08,4.16,0,23.44,21.68,0,3.71,0,5.33
Hsa-Mir-154-P8b_pri,0,2.25,0,0,0,0,0,8.42,27.23,11.26,8.21,0.37,0.18,0,0,5.78,22.29,4.88,12.09,3.21,4.63,13.12,0,8.08,4.16,0,23.44,21.68,0,3.71,0,5.33
Hsa-Mir-154-P9_pri,0.00,0,0,0,1.15,0,1.15,0.70,7.98,54.51,0.46,1.80,0.00,1.91,1.77,53.38,137.37,33.35,4.03,7.21,0.00,243.31,0,20.21,38.60,12.48,17.13,21.68,0,40.77,0,1.78
Hsa-Mir-154-P10_pri,0,0,0,0,0,0,0,0,0,0.07,0.00,0,0,0,0.00,0,0.00,0,0,0,0,0.00,0,0.00,0.00,0,0,0,0,0,0,0
Hsa-Mir-154-P11_pri,0,0,0,0,0,0,0.23,5.62,15.68,17.82,3.65,1.55,0.36,3.82,0.00,3.74,31.15,26.03,4.03,16.03,60.25,24.23,0.00,36.38,2.53,9.36,5.41,21.68,0.00,3.71,0.00,7.11
Hsa-Mir-154-P12_pri,0,0,0,0,0,0,0.47,0,4.40,28.74,0.00,3.59,0.48,0,1.77,57.80,21.31,25.22,0,61.72,4.63,8.08,0,11.45,11.94,0,12.62,7.23,0,1.06,0,0.00
Hsa-Mir-154-P14_pri,0,0.00,7.30,7.75,6.88,5.15,1.29,2.81,20.08,1035.21,2.74,78.16,39.02,1.91,1.77,123.42,305.24,59.38,4.03,1.60,0.00,565.94,0,11.79,44.74,9.36,14.43,14.46,0.00,37.06,0,14.22
Hsa-Mir-154-P16a_pri,0,0,0,0,0,0,0,26.67,3.30,43.38,5.48,0.96,1.01,3.82,10.62,0.34,96.39,9.76,0,0,78.78,0.43,0,27.96,0.93,28.08,2.70,28.91,5.80,3.71,0,7.11
Hsa-Mir-154-P16b_pri,0,0,0,0,0,0,0,0.00,1.93,16.05,0.00,2.93,0.18,0.00,0,0,2.95,1.63,0,0.00,0.00,0.14,0,11.79,3.97,0,1.80,0,0,0.00,0,0
Hsa-Mir-154-P17_pri,0,0,0,0,5.74,2.21,0.07,18.25,21.45,1134.25,11.86,206.89,20.64,11.47,8.85,9.52,234.75,195.22,0.00,0.00,69.52,10.38,0,110.47,227.77,46.80,19.84,7.23,11.60,20.12,0,23.10
Hsa-Mir-154-P18_pri,0,0,0,7.75,0,0,0.05,840.17,8512.59,104.63,2526.73,11.91,1.49,181.60,339.89,15.98,16691.34,6.51,306.33,44.08,1237.37,6.63,74.79,44.46,14.14,530.38,1281.17,498.73,232.00,1018.22,157.88,243.48
Hsa-Mir-154-P19_pri,0,0,0,0,0,0,0.09,0.00,0.00,81.28,0.00,4.33,0.95,0,0.00,1.36,0.33,8.13,0,7.21,0,2.02,0,1.35,2.05,0.00,1.80,0,0,0.00,0,0
Hsa-Mir-154-P20_pri,0,0,0,0,2.29,0.74,0.38,2.81,1029.49,205.35,11.86,17.58,7.76,0.00,1.77,72.42,1696.35,8.13,32.25,37.67,4.63,76.01,0,6.74,14.04,0.00,73.03,7.23,0,196.97,0,1.78
Hsa-Mir-154-P21_pri,0,0,0,0,0,0,0,0,1.10,7.03,0.00,0.76,0.36,0,0,0.34,2.95,4.07,0,10.42,0,0.29,0,12.46,9.60,0.00,0.90,0,0,0.00,0,0.00
Hsa-Mir-154-P23_pri,0,0,0,0,0,0,0.02,3.51,7.43,37.13,0.00,1.43,0.95,0.00,1.77,2.04,51.15,1.63,0.00,4.01,4.63,2.16,0.00,23.58,2.74,0.00,33.36,0.00,0.00,3.71,0.00,1.78
Hsa-Mir-154-P24_pri,0,0,0,0,0,0,2.74,148.80,306.40,29.23,327.65,3.22,0.42,72.64,42.49,32.98,1057.68,7.32,28.21,4.01,101.96,711.04,12.47,54.23,28.97,71.76,152.37,173.47,46.40,99.02,60.72,58.65
Hsa-Mir-154-P25_pri,3.17,15.73,0,0,1.15,0.74,0.45,672.42,383.69,29.25,1343.45,1.61,0.54,87.93,58.42,7.48,422.94,2.44,20.15,0.80,180.74,295.81,49.86,41.76,7.24,102.96,25.24,122.88,46.40,51.89,72.87,74.64
Hsa-Mir-154-P26_pri,0,0,0,0,0,0,0.02,10.53,78.11,6.67,22.36,2.85,0.12,32.50,54.88,0,416.71,3.25,44.34,0.00,152.93,0.14,0,15.83,10.00,68.64,108.19,202.38,29.00,77.84,24.29,85.31
Hsa-Mir-154-P28-v1_pri,0,0,0,0,0,0,0.02,0,6.88,6.90,0.46,0.17,0.36,0,0,3.40,13.11,0,0,0.80,0,0.87,0,0.34,1.12,0,0.90,0,0,1.59,0,1.78
Hsa-Mir-154-P28-v2_pri,0,0,0,0,0,0,0.02,0,6.88,6.90,0.46,0.17,0.36,0,0,3.40,13.11,0,0,0.80,0,0.87,0,0.34,1.12,0,0.90,0,0,1.59,0,1.78
Hsa-Mir-154-P29_pri,0,0.00,0,0,1.15,0,0.02,0.00,0.28,26.98,0.00,3.18,0.36,0.00,0.00,4.08,6.56,3.25,0.00,0.80,0.00,2.02,0.00,40.42,7.02,0.00,0.00,0.00,0.00,0.00,0,0.00
Hsa-Mir-154-P30_pri,0,0.00,0,0,3.44,2.21,26.53,511.68,960.45,1326.98,768.93,70.07,34.55,139.55,272.62,327.08,11149.53,45.55,181.38,10.42,695.15,5815.21,74.79,201.08,33.59,433.66,181.22,498.73,632.20,1039.93,327.91,298.58
Hsa-Mir-154-P31_pri,0,0,0,0,0,0,0.70,2.81,19.80,9.80,1.83,0.54,0.36,1.91,0,4.42,43.93,1.63,0,0,0,44.57,0,9.09,1.21,3.12,7.21,0,0,4.24,0,0
Hsa-Mir-154-P32_pri,9.50,2.25,0,0,1.15,0,0,2.11,34.11,66.35,1.37,6.77,1.55,0.00,1.77,3.74,165.24,4.88,4.03,0.80,0,8.94,0,53.89,4.35,3.12,24.34,14.46,0,20.12,0,0
Hsa-Mir-154-P33_pri,0,0,0,0,4.59,4.41,0,0.70,1.65,796.85,0.46,44.76,14.14,0,0,6.12,5.25,6.51,0,4.01,9.27,9.09,0,18.19,14.34,0,7.21,0,0,0,0,0
Hsa-Mir-154-P34_pri,0,0,0,0,0,0,0,0.00,7.98,29.38,0.00,1.98,0.18,0,0,2.38,11.15,5.69,0,0,0.00,5.62,0,3.03,4.44,3.12,18.93,0,0,4.77,0,0
Hsa-Mir-155_pri,0,0,0,0,0,0,22.52,22.46,68.76,1032.33,32.40,195.34,194.03,196.90,343.43,692.93,126.88,74.02,584.45,20.04,27.81,177.40,24.93,116.54,136.86,1244.83,487.76,2161.17,1983.59,191.15,4080.69,161.73
Hsa-Mir-181-P1a_pri,6767.88,12667.02,1532.63,790.09,13892.54,23234.65,5937.10,120365.02,18257.65,45287.45,39636.90,10668.27,18277.47,24342.45,34588.73,11522.06,2455.01,987.47,72286.83,164.31,117522.48,4149.97,2642.70,4140.73,2552.39,50548.16,6623.14,69569.43,18983.27,1808.23,190675.14,16659.79
Hsa-Mir-181-P1b_pri,6758.38,12628.81,1532.63,790.09,13892.54,23234.65,5936.94,120364.31,18257.92,45287.36,39636.90,10668.27,18277.47,24342.45,34588.73,11521.72,2455.01,987.47,72286.83,164.31,117522.48,4150.12,2642.70,4140.73,2552.36,50548.16,6623.14,69569.43,18983.27,1808.23,190687.28,16659.79
Hsa-Mir-181-P1c_pri,60.14,29.22,36.49,15.49,98.65,70.61,4.25,189.51,56.93,2596.74,15.06,462.32,173.69,40.14,44.26,28.56,4.26,4.88,64.49,4.81,23.17,7.07,0,57.93,55.14,102.96,103.68,50.60,34.80,11.12,0.00,33.77
Hsa-Mir-181-P2a_pri,1519.45,2099.18,277.33,178.16,1274.43,1242.31,41.30,16446.88,7689.11,3011.08,16293.94,398.14,2481.51,2563.47,3729.90,467.85,869.16,71.58,4788.49,32.86,3457.22,233.65,698.07,501.51,294.48,4118.23,1356.00,7596.62,2302.58,407.71,24350.55,1224.51
Hsa-Mir-181-P2b_pri,1456.14,2009.28,277.33,178.16,1292.78,1262.17,41.35,19683.33,8060.69,3229.97,17338.49,410.03,2568.38,2951.53,4096.34,473.97,939.65,75.65,5223.81,45.69,3934.56,234.66,885.06,542.26,303.88,4495.74,1421.82,8261.60,2488.18,431.54,26706.66,1320.49
Hsa-Mir-181-P2c_pri,6.33,8.99,7.30,0,29.82,16.18,2.27,1139.88,648.83,245.69,1457.08,28.38,61.46,86.02,113.30,46.24,28.85,7.32,96.74,106.60,23.17,107.59,37.40,41.76,28.57,143.51,27.95,43.37,255.20,37.06,121.45,67.53
Hsa-Mir-184_pri,0,0,0,0,0,0.74,2.79,7.02,12.65,3.97,13.69,0.19,3.40,3.82,136.31,0.68,87.21,0,16.12,0,50.98,2.02,0,4.72,6.73,3.12,32.46,0,0,13.24,36.43,5.33
Hsa-Mir-185_pri,0,0,14.60,0,11.47,41.93,8820.74,61.07,459.87,29.97,70.73,9.72,56.44,196.90,240.75,2865.56,803.91,269.24,177.35,590.72,88.05,3701.00,0,172.78,385.30,146.63,884.47,390.31,34.80,76.25,72.87,21.33
Hsa-Mir-186_pri,69.64,110.13,1518.04,774.59,3877.20,1769.68,3005.34,7.02,55.01,5901.77,3.19,2589.10,3605.61,70.73,113.30,9452.80,59.34,507.56,169.29,415.19,41.71,2253.68,0,1256.64,828.89,230.87,691.53,397.54,40.60,110.66,12.14,120.85
Hsa-Mir-187_pri,0,0,0,0,5.74,12.50,0,16.14,21.45,5.22,6.85,0.54,0.48,13.38,107.98,0.34,8.52,0,72.55,0,4.63,0,0,14.15,4.68,330.71,14.43,0,145.00,155.14,0,35.54
Hsa-Mir-188-P1_pri,788.21,860.80,51.09,23.24,95.21,63.99,330.91,26.67,43.18,313.94,79.86,239.66,250.96,164.40,1394.95,246.50,94.42,455.50,483.69,504.15,454.17,58.70,112.19,202.76,236.56,521.02,572.51,932.41,110.20,183.74,24.29,597.15
Hsa-Mir-188-P2_pri,0,0,0,7.75,5.74,0,0.02,4.91,2.20,30.84,5.93,4.87,7.46,17.20,81.43,0.34,7.21,1.63,16.12,0.80,13.90,0,0,16.84,4.63,31.20,15.33,72.28,0,11.12,0,16.00
Hsa-Mir-188-P3_pri,357.70,418.04,43.79,7.75,32.12,19.86,10.44,2.11,33.28,248.49,2.28,151.89,214.92,9.56,63.73,26.18,62.29,129.33,28.21,11.22,18.54,2.74,0,405.52,64.23,15.60,429.16,21.68,0,170.50,0,14.22
Hsa-Mir-190-P1_pri,25.32,20.23,0,0,4.59,3.68,5.96,0,10.73,87.20,0,265.91,12.95,1.91,1.77,2.04,4.59,3.25,0,0.80,0,2.31,0,13.47,40.04,3.12,24.34,0,0,2.65,0,0
Hsa-Mir-190-P3_pri,0,0,0,7.75,5.74,7.36,0.99,0,1.38,3.60,0,0.69,1.07,24.85,1.77,10.20,1.64,2.44,24.18,16.83,0,5.48,24.93,2.69,2.11,6.24,7.21,0,5.80,30.18,0,3.55
Hsa-Mir-191_pri,2405.79,3964.62,6356.78,4004.65,10328.50,20793.43,36061.86,358.67,5484.64,20811.53,530.72,11420.93,87159.14,1405.03,2442.93,48243.88,2271.74,2013.98,5264.11,352.67,1459.82,94762.31,174.52,2576.93,2737.36,4929.40,6187.67,8991.62,3329.18,3051.49,2271.10,2406.38
Hsa-Mir-192-P2_pri,3.17,2.25,0,0,10.32,0,1.17,0,0,882.90,0,15476.20,5.37,0,0,8.84,0,6.51,0,3.21,0,40.82,0,0,20.71,168.47,1.80,0,5.80,2.12,0,0
Hsa-Mir-192-P4_pri,69.64,130.36,94.88,61.97,985.36,771.57,2240.24,2.11,17.88,11656.99,1.37,232627.42,1647.02,0,323.95,4361.91,1538.97,20010.48,28.21,1417.08,9.27,1151.65,0,63.66,402.56,1154.35,27.95,50.60,87.00,40.24,12.14,0
Hsa-Mir-193-P1a_pri,28.49,20.23,14.60,15.49,441.63,358.94,0,115.11,6.60,360.86,7.30,58.81,140.87,261.89,164.63,10.20,26.23,114.69,245.87,165.11,4935.58,0.00,1009.71,2514.28,567.02,171.59,69.42,79.51,203.00,7.94,194.32,454.97
Hsa-Mir-193-P1b_pri,0,2.25,0,0,17.21,15.45,0.00,0.00,0.00,350.93,0.00,39.34,26.49,0.00,0.00,0.34,0.00,3.25,0.00,80.15,0.00,0.00,0.00,107.78,50.70,0.00,0.90,0.00,0.00,0.00,0.00,0.00
Hsa-Mir-193-P2a_pri,0.00,0.00,0,0,6.88,5.88,1.10,5.62,85.26,136.85,5.93,19.19,112.53,107.05,95.59,278.46,135.08,329.43,133.01,85.76,259.52,1.59,74.79,973.38,422.94,230.87,492.27,115.65,150.80,132.37,72.87,199.05
Hsa-Mir-193-P2b_pri,0,0.00,0,0,6.88,5.88,1.10,5.62,85.26,136.85,5.93,19.19,112.53,107.05,95.59,278.46,135.08,329.43,133.01,85.76,259.52,1.59,74.79,973.38,422.94,230.87,492.27,115.65,150.80,132.37,72.87,199.05
Hsa-Mir-194-P2_pri,0,0,0,0,113.56,63.26,81.62,9.83,47.58,408.16,29.66,10180.71,27.74,15.29,1849.90,87.72,3706.46,6115.15,76.58,0.80,13.90,8.94,0,32.33,115.23,6492.45,77.54,65.05,208.80,74.66,48.58,12.44
Hsa-Mir-194-P4_pri,0,0,0,0,115.86,65.46,115.95,11.23,50.88,390.02,32.40,9413.60,29.77,19.12,2189.79,110.16,3990.05,7332.81,80.61,0,13.90,12.26,0,57.26,122.97,6929.24,97.37,65.05,226.20,79.95,48.58,14.22
Hsa-Mir-196-P1_pri,747.06,1157.47,29.19,46.48,3457.36,5847.46,9.12,0,2.75,184.55,0.46,244.06,32.22,3.82,945.31,15.30,77.05,0,0,0,69.52,10.82,261.78,500.16,478.21,112.32,263.27,14.46,5.80,349.47,1348.09,1437.78
Hsa-Mir-196-P3_pri,82.30,280.94,51.09,23.24,259.24,448.67,0.77,0.70,0.55,89.18,0,94.33,46.78,0,442.56,2.38,0.66,0,0,0,0,0.43,274.24,432.80,653.58,28.08,341.71,0,17.40,183.21,0,76.42
Hsa-Mir-196-P4_pri,47.48,114.62,72.98,23.24,323.48,558.27,0.99,1.40,0.55,138.40,0,149.85,70.64,0,925.84,2.72,0.98,0,4.03,0,0,0.43,523.55,864.59,810.99,62.40,453.50,0,23.20,271.63,0,149.29
Hsa-Mir-197_pri,3.17,0.00,14.60,15.49,299.39,294.95,18.58,8736.53,496.73,407.96,3977.88,120.28,444.45,6744.16,2812.91,2853.66,171.80,52.06,4889.26,0.00,3624.06,363.60,3290.91,91.28,153.87,5247.62,593.25,7148.48,4216.57,160.44,5598.80,3358.97
Hsa-Mir-199-P3-v1_pri,0.00,2.25,7.30,0,18.35,23.54,21.86,5.62,48.96,4480.37,2.74,2516.96,73.57,844.93,1009.04,507.97,988.17,3979.16,1700.96,763.04,199.28,1218.28,112.19,16108.58,7827.21,1628.57,2352.27,3621.22,319.00,2537.35,157.88,2095.36
Hsa-Mir-199-P3-v2_pri,0.00,2.25,7.30,0,18.35,23.54,21.86,5.62,48.96,4480.37,2.74,2516.96,73.57,844.93,1009.04,507.97,988.17,3979.16,1700.96,763.04,199.28,1218.28,112.19,16093.42,7809.71,1628.57,2352.27,3621.22,319.00,2537.35,157.88,2095.36
Hsa-Mir-199-P3-v3_pri,0.00,2.25,7.30,0,18.35,23.54,21.86,5.62,48.96,4480.37,2.74,2516.96,73.57,844.93,1009.04,507.97,988.17,3979.16,1700.96,763.04,199.28,1218.28,112.19,16108.58,7827.21,1628.57,2352.27,3621.22,319.00,2537.35,157.88,2095.36
Hsa-Mir-199-P1-v1_pri,0.00,2.25,7.30,0,18.35,23.54,21.91,5.62,48.96,4484.83,2.74,2518.42,73.57,844.93,1009.04,507.97,988.50,3979.16,1700.96,763.04,199.28,1218.28,112.19,16108.92,7837.24,1628.57,2352.27,3621.22,319.00,2537.35,157.88,2095.36
Hsa-Mir-199-P1-v2_pri,0.00,2.25,7.30,0,18.35,23.54,21.91,5.62,48.96,4484.83,2.74,2518.42,73.57,844.93,1009.04,507.97,988.50,3979.16,1700.96,763.04,199.28,1218.28,112.19,16093.76,7819.74,1628.57,2352.27,3621.22,319.00,2537.35,157.88,2095.36
Hsa-Mir-199-P1-v3_pri,0.00,2.25,7.30,0,18.35,23.54,21.91,5.62,48.96,4484.83,2.74,2518.42,73.57,844.93,1009.04,507.97,988.50,3979.16,1700.96,763.04,199.28,1218.28,112.19,16108.92,7837.24,1628.57,2352.27,3621.22,319.00,2537.35,157.88,2095.36
Hsa-Mir-199-P2-v1_pri,0.00,2.25,7.30,0,18.35,23.54,21.86,5.62,48.96,4480.36,2.74,2516.96,73.57,844.93,1009.04,507.97,988.17,3979.16,1700.96,763.04,199.28,1218.28,112.19,16108.58,7827.21,1628.57,2352.27,3621.22,319.00,2537.35,157.88,2095.36
Hsa-Mir-199-P2-v2_pri,0.00,2.25,7.30,0,18.35,23.54,21.86,5.62,48.96,4480.36,2.74,2516.96,73.57,844.93,1009.04,507.97,988.17,3979.16,1700.96,763.04,199.28,1218.28,112.19,16093.42,7809.71,1628.57,2352.27,3621.22,319.00,2537.35,157.88,2095.36
Hsa-Mir-199-P2-v3_pri,0.00,2.25,7.30,0,18.35,23.54,21.86,5.62,48.96,4480.36,2.74,2516.96,73.57,844.93,1009.04,507.97,988.17,3979.16,1700.96,763.04,199.28,1218.28,112.19,16108.58,7827.21,1628.57,2352.27,3621.22,319.00,2537.35,157.88,2095.36
Hsa-Mir-202_pri,0,0,0,0,0,0,0.02,0,0,0.02,0,0.10,0.06,0.00,0,0,0.00,0.81,0.00,0.80,0.00,0,12.47,1.01,10.55,0,0,0,0,1565.72,0,0.00
Hsa-Mir-203-v1_pri,0.00,8.99,51.09,15.49,373.95,711.99,1.92,0.70,21.18,299.68,0,502.62,1.07,0,24.78,30.60,18.03,145.60,137.04,0,9.27,9.66,0,16426.53,38794.78,21.84,13.52,0,23.20,13.24,0,7.11
Hsa-Mir-203-v2_pri,0.00,8.99,51.09,15.49,373.95,711.99,1.92,0.70,21.18,299.68,0,502.62,1.07,0,24.78,30.60,18.03,145.60,137.04,0,9.27,9.66,0,16431.58,38795.06,21.84,13.52,0,23.20,13.24,0,7.11
Hsa-Mir-204-P1_pri,0,0,0,0,0,0,0,0,0.28,107.08,9.13,0.15,26197.89,1.91,1.77,0,0,0.81,16.12,0,4.63,0.29,0,53.22,23.20,0,8.11,0,0,0,12.14,1.78
Hsa-Mir-204-P2_pri,3.17,8.99,7.30,0,4.59,3.68,0.19,35.09,159.25,1269.67,187.55,30.37,276.07,7.65,1164.82,5.44,47.21,28.47,36.28,1.60,13.90,5.05,0.00,39.41,25.12,21.84,1395.67,79.51,17.40,633.28,36.43,71.09
Hsa-Mir-205-P4_pri,0,0,0,0,0,0,0.45,2.11,0.28,6768.40,0,0.14,0,5.73,123.92,9.52,0,0,1817.85,0,4231.16,2.02,0,125095.70,7985.05,6.24,3.61,0,40.60,72.01,9558.05,534.95
Hsa-Mir-208-P1-v1_pri,0,0,0,0,0,0,0,0,0.55,17.97,0,0,0.18,105.14,1.77,0,0,1.63,0,0,0,0,0.00,0,0,0,1.80,0,0,0,0,0
Hsa-Mir-208-P1-v2_pri,0,0,0,0,0,0,0,0,0.55,17.97,0,0,0.18,105.14,1.77,0,0,1.63,0,0,0,0,0.00,0,0,0,1.80,0,0,0,0,0
Hsa-Mir-208-P2_pri,0,0,0,0,0,0,0,0,0,0.21,0,0,0.00,5.73,0,0,0,0,0,0,0,0,0.00,0,0,0,0.90,0,0,0,0,0
Hsa-Mir-210_pri,6.33,13.49,21.89,0,133.06,127.98,4.48,68.79,2.20,289.61,4.11,125.04,39.38,103.23,90.28,1.70,4.59,35.79,133.01,3.21,41.71,1.15,0.00,1230.03,285.68,62.40,24.34,72.28,0,6.88,0.00,7.11
Hsa-Mir-214-v1_pri,0,0,0,0,1.15,2.94,0,71.59,28.33,98.15,7.76,41.21,0.00,1703.25,3108.54,0,802.27,61.82,2394.24,1.60,959.31,0,124.66,451.32,106.44,2630.05,631.12,3281.51,864.19,2580.24,473.65,5006.47
Hsa-Mir-214-v2_pri,0,0,0,0,1.15,2.94,0,71.59,28.33,98.15,7.76,41.21,0.00,1703.25,3108.54,0,802.27,61.82,2394.24,1.60,959.31,0,124.66,449.30,103.35,2630.05,631.12,3281.51,864.19,2580.24,473.65,5006.47
Hsa-Mir-216-P2a_pri,0,0,0,0,0,0,0.02,0,0,29.11,0,0.12,0,0,8.85,0,0.00,13.83,0,15581.48,0,0,0,0,0.25,0,4.51,7.23,0,1.59,0,0
Hsa-Mir-216-P2b_pri,0,0,0,0,0,0,0,0,0,19.94,0,0.32,0,0,0.00,0,0,4.07,0,3.21,0,0,0,0,1.56,0,0,0,5.80,0.00,0,0
Hsa-Mir-217-v1_pri,0,0,0,0,0,0,0,0.70,0.28,28.83,0,0,0,0,0,0.34,0,16.27,0,6023.40,0,0,0,1.35,3.52,0,1.80,0,0,0.00,0,0
Hsa-Mir-217-v2_pri,0,0,0,0,0,0,0,0.70,0.28,28.83,0,0,0,0,0,0.34,0,16.27,0,6023.40,0,0,0,1.35,3.52,0,1.80,0,0,0.00,0,0
Hsa-Mir-218-P2_pri,0,8.99,0,7.75,2.29,11.03,0,2.81,176.85,220.09,15.52,37.86,10.26,1.91,8.85,0,12.13,47.18,20.15,0,0.00,0,0,86.56,106.90,15.60,231.71,36.14,0.00,18.00,0,14.22
Hsa-Mir-218-P4_pri,0,6.74,0,7.75,2.29,11.03,0,2.81,174.65,215.60,15.06,37.67,9.73,1.91,8.85,0,11.80,47.18,20.15,0,0,0,0,83.53,103.35,15.60,220.89,36.14,0,15.36,0,12.44
Hsa-Mir-219-P2_pri,0,0,0,0,0.00,0,0,0.00,0.28,4.19,0.00,0.29,0.06,0,0,0.34,0,0.00,0.00,6.41,0,0,0,0,0.11,0,0.90,0,0,0,0.00,0.00
Hsa-Mir-219-P2-as_pri,0,0,0,0,2.29,0.74,0.19,0,0,0.73,0,0.00,0.18,0,0,1.02,0,0.81,0.00,0,0,1.87,0,3.37,0.14,0,0.90,0,0,0.00,0.00,0
Hsa-Mir-219-P3_pri,3.17,6.74,7.30,0.00,1.15,0.00,0.02,0.00,0.00,8.35,0.00,0.81,0.24,0,0.00,0.34,0.00,0,0,0,0,0.14,0,3.03,0.35,0.00,0.90,0,0,0.00,0,0.00
Hsa-Mir-221-P1a_pri,610.95,355.11,4714.67,2943.45,47402.79,97925.51,58.26,191.62,185.65,17572.55,5.93,457.58,4661.58,237.04,237.21,1122.01,28.85,43.92,866.60,47.29,458.80,11096.07,0,9281.79,512.11,505.42,379.57,1640.75,330.60,57.19,170.03,382.11
Hsa-Mir-221-P2a_pri,69.64,8.99,1145.83,534.47,7307.03,12594.48,32.65,1933.03,2689.37,5099.66,224.52,634.79,2269.28,6187.88,3317.43,388.62,414.09,93.54,5973.52,184.35,2391.32,2075.85,523.55,7278.11,1085.60,3619.05,3605.49,8651.91,1763.19,569.74,1384.52,3159.92
Hsa-Mir-223-v1_pri,0,0,0,0,0,0,17.36,0,50.88,3.12,0.46,85.39,0,28.67,33.63,8623.87,233.76,74.83,499.81,0.80,37.07,203.22,0,124.62,133.61,140.39,649.15,1221.53,81.20,44.48,12.14,24.88
Hsa-Mir-223-v2_pri,0,0,0,0,0,0,17.36,0,50.88,3.12,0.46,85.39,0,28.67,33.63,8624.21,233.76,74.83,499.81,0.80,37.07,203.22,0,124.62,133.70,140.39,649.15,1221.53,81.20,44.48,12.14,24.88
Hsa-Mir-224_pri,79.14,242.73,0,0,157.15,34.57,4.17,0.70,2.75,323.46,1.83,33.22,0.06,91.76,28.32,87.04,28.85,130.14,322.46,5.61,231.72,1185.11,0,1601.87,182.22,249.59,35.16,115.65,58.00,30.18,60.72,63.98
Hsa-Mir-296_pri,0,0,0,0,3.44,2.94,0.28,6.32,0.00,8.63,0.91,2.03,11.28,7.65,7.08,1.02,0.33,1.63,20.15,5.61,0.00,0.14,0,11.45,4.03,9.36,0.90,14.46,0,0.53,0,8.89
Hsa-Mir-320-P1_pri,69.64,29.22,387325.85,395259.49,7145.29,5965.15,2764.31,51850.62,2011.94,1255.39,35569.12,412.53,301.25,28347.28,33852.31,901.69,2198.30,490.48,18363.93,2.40,54750.21,3231.11,4761.85,8393.63,622.77,45759.16,3269.19,20195.01,27955.80,1395.22,39082.33,33296.49
Hsa-Mir-320-P2a_pri,3.17,6.74,46468.01,56986.83,986.51,862.78,54.01,1796.86,107.27,110.40,2227.38,18.56,19.63,609.80,993.10,31.28,63.93,36.60,693.28,0,648.81,139.32,87.26,291.00,40.83,1073.24,256.96,628.84,1206.39,55.60,2283.24,1228.07
Hsa-Mir-320-P2b_pri,3.17,6.74,46475.31,57002.32,987.65,862.78,54.60,1807.39,107.82,110.56,2246.54,18.62,19.63,621.27,1012.58,32.30,64.59,36.60,709.41,0.80,736.86,139.47,87.26,292.69,41.15,1085.72,256.96,643.29,1212.19,55.60,2319.68,1249.40
Hsa-Mir-320-P3_pri,0,0,197.05,162.66,6.88,4.41,0.56,75.81,3.03,0.77,60.24,0.54,1.85,13.38,14.16,2.04,1.97,7.32,20.15,18.43,27.81,5.91,0,163.69,21.93,43.68,7.21,14.46,23.20,1.59,72.87,60.43
Hsa-Mir-320-P4_pri,0,0,204.35,154.92,8.03,5.88,0.70,83.53,3.03,0.78,65.71,0.61,1.85,22.94,19.47,1.70,1.97,7.32,32.25,19.24,32.44,5.48,0,165.37,21.69,46.80,7.21,21.68,29.00,1.59,72.87,65.76
Hsa-Mir-324_pri,0.00,0.00,7.30,0.00,28.68,19.12,4.39,4515.31,239.29,31.53,787.18,16.47,19.33,1234.90,3175.81,5.44,191.80,7.32,1656.62,0.80,1723.98,1.30,149.59,300.77,27.13,2261.91,239.83,2522.57,498.80,106.96,765.13,1263.61
Hsa-Mir-325_pri,0,0
Hsa-Mir-326_pri,0.00,0.00,0,0,6.88,3.68,0.02,14.74,0.83,1.16,5.02,1.14,0.78,3.82,10.62,6.80,0.00,3.25,28.21,0,0.00,1.44,0,6.06,2.35,9.36,1.80,57.82,11.60,0,0,5.33
Hsa-Mir-328_pri,3.17,0,0,0,26.38,42.66,1.55,1004.42,147.42,31.24,341.34,6.02,9.73,550.54,585.95,50.66,7.21,43.11,1120.54,0,338.31,30.86,224.38,194.34,24.40,517.90,87.45,491.50,1188.99,29.65,400.78,662.91
Hsa-Mir-330-v1_pri,15.83,53.94,29.19,38.73,229.42,70.61,0.23,77.91,182.63,99.44,141.01,11.75,72.37,5.73,12.39,6.12,4.59,0.81,36.28,0.00,41.71,1.15,0.00,12.46,2.25,65.52,46.88,36.14,63.80,3.71,36.43,10.66
Hsa-Mir-330-v2_pri,0.00,0.00,0.00,0.00,25.24,13.24,1.99,294.10,243.14,10.41,291.60,2.58,7.88,40.14,86.74,58.48,6.56,8.13,92.71,1.60,134.40,189.23,12.47,16.17,7.58,90.48,161.39,115.65,17.40,2.12,60.72,37.32
Hsa-Mir-331_pri,0.00,0.00,7.30,0.00,68.83,69.14,17.61,143.89,3.58,69.31,10.50,20.15,13.90,53.53,107.98,295.80,1.64,17.89,145.11,0,9.27,4.33,12.47,71.40,27.05,124.79,11.72,166.24,46.40,1.06,24.29,62.20
Hsa-Mir-335_pri,212.09,182.05,14.60,0.00,20.65,13.24,13.79,13.34,2425.33,709.44,2.74,64.64,3.28,13.38,46.03,150.28,1217.34,54.50,104.80,113.01,106.59,172.06,0,31.66,84.00,81.12,2002.45,108.42,0.00,1172.31,0,33.77
Hsa-Mir-337-v1_pri,0,0,0,0,0,0,0,3.51,4.13,6.11,6.39,2.01,0.12,5.73,1.77,1.36,179.01,1.63,0,0,9.27,1.30,0,1.01,1.77,24.96,11.72,36.14,0,34.42,0,10.66
Hsa-Mir-337-v2_pri,0,0,0,0,0,0,0,3.51,4.13,6.11,6.39,2.01,0.12,5.73,1.77,1.36,179.01,1.63,0,0,9.27,1.30,0,1.01,1.77,24.96,11.72,36.14,0,34.42,0,10.66
Hsa-Mir-337-as_pri,0,0,0,0,0,0,0,0,0,0.06,0,0,0,0,0,0,0,0,0,0,0,0,0,0,0,0,0,7.23,0,0.53,0,0
Hsa-Mir-338-P2_pri,0.00,0,0,0,0,0.74,0.05,5.62,663.68,53.24,5.48,128.59,115.39,11.47,3.54,14.62,4.92,7.32,52.40,1.60,0,2.02,0,34.02,66.44,34.32,2080.89,57.82,0.00,28.06,12.14,3.55
Hsa-Mir-338-P2-as_pri,3.17,6.74,0,0.00,20.65,33.83,0.02,0.00,1.10,11.45,1.37,1.03,4.24,1.91,3.54,0.34,1.97,7.32,16.12,0,0,1.30,0,6.74,3.97,3.12,1.80,0.00,0,0.53,0,0
Hsa-Mir-339_pri,12.66,24.72,0.00,30.98,100.94,125.04,0.99,169.86,5.50,35.86,22.82,20.78,14.20,137.64,892.20,77.52,10.16,38.23,975.43,1.60,477.34,17.74,12.47,248.90,32.44,1282.27,120.81,1481.74,295.80,22.24,97.16,405.21
Hsa-Mir-340_pri,44.32,76.42,51.09,46.48,123.89,86.06,30.72,4.21,29.70,1546.84,0,267.12,506.98,1.91,0,894.21,2.62,1351.87,0.00,72.94,0,376.43,0,118.56,48.24,3.12,303.84,7.23,0,8.47,0,0
Hsa-Mir-342_pri,6.33,4.50,0,0,231.71,217.72,199.59,1209.37,4009.86,527.86,775.32,145.60,159.43,420.55,502.75,45692.83,547.53,121.20,2857.78,11.22,152.93,708.15,87.26,671.93,276.04,2483.42,1214.45,9642.14,1507.99,501.96,4821.53,1155.20
Hsa-Mir-345_pri,18.99,4.50,240.84,170.41,1204.46,984.14,39.38,160.03,5.78,465.42,10.95,87.44,787.35,57.35,189.42,66.64,9.84,26.84,124.95,0,13.90,10.10,12.47,106.77,18.06,168.47,55.00,224.07,11.60,16.41,12.14,87.08
Hsa-Mir-346_pri,0.00,0,0,0,0,0.74,0,171.97,61.33,1.80,167.93,0.13,0,17.20,5.31,0,0.33,0,8.06,0,32.44,0,0,0,0.33,6.24,29.75,0,46.40,2.12,12.14,19.55
Hsa-Mir-361-v1_pri,158.28,161.82,36.49,30.98,174.36,124.30,21.62,2040.42,989.06,230.33,816.39,79.15,380.55,1410.77,1911.86,890.81,475.40,87.85,898.85,15.23,602.47,748.54,74.79,599.52,155.62,1797.05,1930.32,1178.16,672.80,652.34,619.39,1377.36
Hsa-Mir-361-v2_pri,22.16,0.00,7.30,0.00,136.50,95.62,27.72,305.33,53.63,139.19,94.01,93.09,95.41,110.87,155.78,515.79,27.54,316.41,298.27,4.01,64.88,52.93,37.40,132.03,35.23,190.31,61.31,701.12,52.20,14.30,170.03,117.30
Hsa-Mir-362-P3a-v2_pri,0,2.25,58.39,46.48,79.15,33.83,301.66,3.51,1.65,482.17,8.67,167.66,1029.18,9.56,168.17,651.45,1.97,64.26,68.52,4.81,88.05,216.34,0,169.42,43.62,37.44,24.34,86.74,17.40,12.18,12.14,92.42
Hsa-Mir-362-P3a-v1_pri,0,2.25,58.39,46.48,79.15,33.83,301.66,3.51,1.65,482.17,8.67,167.66,1029.18,9.56,168.17,651.45,1.97,64.26,68.52,4.81,88.05,216.34,0,167.39,42.70,37.44,24.34,86.74,17.40,12.18,12.14,92.42
Hsa-Mir-362-P3b_pri,0.00,2.25,0,0,2.29,2.94,2.96,4.91,0.55,7.59,8.21,3.10,12.59,7.65,127.46,14.96,2.30,0.81,12.09,0,27.81,0.00,0,78.14,13.21,59.28,15.33,28.91,5.80,5.29,0,19.55
Hsa-Mir-362-P4_pri,0.00,6.74,0,15.49,2.29,6.62,36.85,16.14,35.48,27.26,98.11,22.17,95.94,135.72,580.64,55.42,84.92,17.89,44.34,0.80,69.52,11.83,99.72,75.45,24.06,121.67,180.32,79.51,40.60,70.42,0,62.20
Hsa-Mir-362-P5_pri,0.00,4.50,36.49,38.73,30.97,44.13,669.81,13.34,1.65,247.20,10.04,81.50,260.80,24.85,231.90,655.87,3.28,14.64,32.25,0,27.81,533.35,24.93,84.20,8.71,59.28,11.72,36.14,17.40,10.06,24.29,37.32
Hsa-Mir-362-P6_pri,0,2.25,14.60,7.75,25.24,5.88,33.56,2.11,1.38,44.22,5.48,22.90,62.59,3.82,169.94,58.82,4.26,56.12,60.46,0.00,78.78,13.27,12.47,181.88,31.75,62.40,36.97,122.88,40.60,17.47,12.14,97.75
Hsa-Mir-370_pri,0,0,0,0,0,0,5.30,315.85,13.75,47.13,88.53,2.02,2.45,19.12,31.86,189.04,35.74,48.80,8.06,0.80,315.14,742.19,37.40,229.70,11.02,37.44,6.31,202.38,17.40,5.29,24.29,44.43
Hsa-Mir-374-P1_pri,468.50,251.72,51.09,23.24,118.15,86.79,18.86,0,21.18,133.92,0,93.30,229.18,0,3.54,92.14,18.36,118.76,8.06,35.27,0.00,25.67,0,376.55,92.00,15.60,233.51,0,0,49.24,0,0
Hsa-Mir-374-P2_pri,15.83,17.98,0.00,0.00,99.80,70.61,17.10,10.53,133.95,102.59,3.19,45.79,47.49,19.12,31.86,606.57,81.31,349.76,24.18,102.59,9.27,101.82,0,174.80,207.59,43.68,419.24,14.46,11.60,204.92,12.14,30.21
Hsa-Mir-375_pri,3.17,2.25,80.28,77.46,160.59,183.15,2.30,15.44,130.10,1809.49,69.36,11147.60,1.49,53.53,86.74,17.34,1977.98,222.87,3027.07,122.63,50.98,141.34,12.47,182.21,120.64,22247.81,25.24,505.96,33256.97,994.92,1748.87,362.56
Hsa-Mir-376-P1_pri,0,0
Hsa-Mir-376-P2_pri,0,0,0,0,4.59,0,0.02,8.42,28.60,50.55,1.37,5.89,0.78,3.82,10.62,7.14,576.71,3.25,0,28.85,92.69,1.30,0,176.82,63.26,28.08,139.75,50.60,0,71.48,12.14,10.66
Hsa-Mir-376-P3_pri,0,0,0,0,0,0,0,0,33.28,7.47,0.46,0.15,0.06,0,3.54,2.38,938.66,0.81,12.09,1.60,13.90,0.29,0,31.32,5.02,0,49.59,0,0,18.00,0,1.78
Hsa-Mir-376-P4_pri,0,0,0,0,0,0,0,0,0.28,16.57,0,1.05,0.12,0,0,0,31.80,0,0,7.21,0,0,0,6.06,5.38,0,1.80,0,0,1.59,0,0
Hsa-Mir-376-P5_pri,0,0.00,0,0,0,0,0,0,33.28,7.47,0.46,0.15,0.06,0,3.54,2.38,938.66,0.81,12.09,1.60,13.90,0.29,0,31.32,5.02,0,49.59,0,0,18.00,0,1.78
Hsa-Mir-378_pri,22.16,15.73,985.26,426.03,2547.71,1359.26,162.35,393.06,475.55,1372.96,1445.22,8178.67,4954.90,55266.58,7743.03,1190.69,1171.12,4211.79,3204.42,8.82,885.16,203.94,96271.55,1291.66,9685.11,18167.01,947.58,3635.68,11379.52,338.35,3704.20,2685.40
Hsa-Mir-383-v1_pri,0,0,0,0,0,0,0,11.23,7.98,14.86,7.30,0.17,0,0,0,0,0,0,0,9.62,0,0,0,130.35,7.80,0,3.61,0,0,1.06,0,0.00
Hsa-Mir-383-v2_pri,0,0,0,0,0,0,0,11.23,7.98,14.86,7.30,0.17,0,0,0,0,0,0,0,9.62,0,0,0,129.33,7.78,0,3.61,0,0,1.06,0,0.00
Hsa-Mir-421-P1-v1_pri,15.83,26.97,0,0,0,0.00,0.02,0.00,0.28,5.36,0.00,0.58,0.66,0,0,0.00,0.00,0,0,0,0,0,0,1.68,0.38,0,0.90,0.00,0.00,0.00,0,0
Hsa-Mir-421-P1-v2_pri,15.83,26.97,0,0,0,0.00,0.02,0.00,0.28,5.36,0.00,0.58,0.66,0,0,0.00,0.00,0,0,0,0,0,0,1.68,0.38,0,0.90,0.00,0.00,0.00,0,0
Hsa-Mir-421-P2_pri,6.33,2.25,36.49,38.73,173.21,102.97,15.46,16.85,303.92,374.96,7.76,34.56,120.64,11.47,26.55,34.68,41.31,6.51,16.12,0,9.27,53.94,0,29.98,5.97,43.68,266.87,14.46,0.00,30.71,0.00,16.00
Hsa-Mir-423_pri,3526.39,5299.65,977.97,604.18,20059.35,17457.07,2967.70,6232.15,267.34,2622.70,1761.46,283.42,1379.30,3492.51,4848.69,2834.28,424.91,295.26,5816.32,2652.22,7688.39,20073.45,1308.88,614.34,642.61,4966.84,351.62,7372.55,3671.37,240.92,8987.24,4549.72
Hsa-Mir-425_pri,94.97,87.65,80.28,69.71,240.89,363.35,191.45,129.15,522.03,587.48,70.73,393.08,483.83,152.93,428.40,376.04,856.04,85.41,761.80,8.02,574.66,246.05,49.86,315.59,470.51,1241.71,574.32,1727.49,667.00,1197.72,655.83,167.06
Hsa-Mir-430-P1_pri,0,0,0,0,0,0,0,0,0.55,4.36,0,0,0,22.94,0,0,0,0,0,0,0,0,0,0,0.38,3.12,2.70,0,0,2.12,0,0
Hsa-Mir-430-P2_pri,0,0,0,0,0,0,0,0,0.28,0.65,0.46,0,0,1.91,0,0,0,0,0,0,0,0,0,0,0.05,0,0,0,0,0.53,0,0
Hsa-Mir-430-P3_pri,0.00,0,0,0,0,0,0.00,0,1.38,1.96,0.91,0,0,21.03,0,0,0,0.00,0,0,0,0.00,0,0,0.07,0,2.70,0,0,0.53,0,0
Hsa-Mir-430-P4_pri,0,0,0,0,0,0,0,0,0.55,2.35,0.46,0,0,40.14,0,0,0,0,0,0,0,0,0,0,0.11,0,2.70,0,0,0,0,0
Hsa-Mir-430-P5_pri,0,0,0,0,0,0,0,0.00,0,0.87,0,0,0,0,0,0,0.00,0,0,0,129.76,0,0,0,0.04,0,0,0,0,4.77,0,0
Hsa-Mir-430-P6_pri,0,0,0,0,0,0,0,0,0,0.74,0,0,0,1.91,0,0,0.66,2.44,0,0,27.81,0,0,0,0.07,0,0,0,0,14.30,0,0
Hsa-Mir-430-P7_pri,0,0,0,0,0,0,0,0.70,0,0.79,0,0,0,0,1.77,0,0.66,0,4.03,0,106.59,0,0,0,0.15,0,0.90,0,0,2.12,0,0
Hsa-Mir-430-P8a_pri,0,0,0,0,0,0,0,0.70,0,0.12,0,0,0,0,0,0,0,0,0,0,477.34,0,0,0,0.34,0,0,0,0,14.30,0,0
Hsa-Mir-430-P8b_pri,0,0,0,0,0,0,0,0.70,0,0.12,0,0,0,0,0,0,0,0,0,0,477.34,0,0,0,0.34,0,0,0,0,14.30,0,0
Hsa-Mir-430-P9_pri,0,0,0,0,0,0,0,0.70,0,0.06,0.46,0,0,0,0,0,0,0,0,0,26392.62,0.29,0,0,0.58,0,0,0,0,55.07,0,0
Hsa-Mir-430-P10_pri,0,0,0,0,0,0,0,0,0,0,0,0,0,0,0,0,0,0,0,0,30674.76,0,0,0,0.03,0,0,0,0,36.01,0,0
Hsa-Mir-430-P11_pri,0,0,0,0,0,0,0,0,0.28,0,0,0,0,0,0,0,0,0,0,0,60.25,0,0,0,0,0,0,0,0,50.30,0,0
Hsa-Mir-430-P12a_pri,0,0,0,0,0,0,0,0,0,0.18,0,0,0,0,0,0,0,0,0.00,0,9.27,0,0,0,0.07,0,0,0,0,1.59,0,0
Hsa-Mir-430-P12b_pri,0,0,0,0,0,0,0,0,0,0.18,0,0,0,0,0,0,0,0,0.00,0,9.27,0,0,0,0.07,0,0,0,0,1.59,0,0
Hsa-Mir-430-P13_pri,0,0,0,0,0,0,0,0,0,0,0,0,0,0,0,0,0,0,0,0,4.63,0,0,0,0.02,0,0,0,0,0.00,0,0
Hsa-Mir-430-P14_pri,0,0,0,0,0,0,0,0,4.68,0.02,0,0,0,0,0,0,0.98,0,0,0,203.91,0,0,0,0.33,0,0,0,0,2110.57,0,0
Hsa-Mir-430-P15_pri,0,0,0,0,0,0,0,0,0.28,0.07,0.00,0,0,0.00,0,0,0.00,0,0,0,185.37,0,0.00,1.01,0.06,0,0.00,0,0,16.94,0,0
Hsa-Mir-430-P16a_pri,0,0,0,0,0,0,0,0,3.30,0.20,0,0,0,0,0,0,0,0,0,0,139.03,0,0,0,0.03,0,5.41,0,0,20.12,0,0
Hsa-Mir-430-P16b_pri,0,0,0,0,0,0,0,0,3.30,0.20,0,0,0,0,0,0,0,0,0,0,139.03,0,0,0,0.03,0,5.41,0,0,20.12,0,0
Hsa-Mir-430-P17_pri,0,0,0,0,0,0,0,0,0,0.01,0,0,0,0,0,0,0,0,0,0,18.54,0,0,0,0.11,0,0,0,0,0.53,0,0
Hsa-Mir-430-P18_pri,0,0,0,0,0,0,0,0,0.00,0.03,0,0,0,0,0,0,0,0,0,0,899.06,0,0,0,0.06,0,0,0,0,3.71,0,0
Hsa-Mir-430-P19_pri,0,0,0,0,0,0,0,0,2.75,0.03,1.37,0,0,5.73,0,0,0.33,0,0,0,5663.18,0,12.47,0,0.11,0,2.70,0,0,153.02,0,0
Hsa-Mir-430-P20_pri,0,0,0,0,0,0,0,0,0,0.01,0,0,0,0,0,0,0,0,0,0,1014.92,0,0,0,0.05,0,0.00,0,0,3.18,0,0
Hsa-Mir-430-P21_pri,0,0,0,0,0,0,0,0,0.00,0.00,0.00,0,0,0.00,0,0,0.00,0,0,0,811.01,0,0.00,0,0.12,0,0.00,0,0,22.77,0,0
Hsa-Mir-430-P22_pri,0,0,0,0,0,0,0,0,0.55,0.01,0,0,0,0.00,0,0,0,0,4.03,0,1561.78,0,0.00,0,0.07,0,0.90,0,0,179.50,0,0
Hsa-Mir-430-P23_pri,0,0,0,0,0,0,0,0.70,1.10,0.03,0.00,0,0,0.00,0,0,0,0,0,0,203.91,0,0,0,0.00,0,0,0,0,14.83,0,0
Hsa-Mir-430-P24_pri,0,0,0,0,0,0,0,0,1.10,0.03,0.46,0,0,1.91,0,0,0.98,0,0,0,3485.03,0,0,0,0.27,0,1.80,0,0,127.08,0,0
Hsa-Mir-430-P25_pri,0,0,0,0,0,0,0,0,0.00,0.00,0,0,0,1.91,0,0,0,0,0,0,648.81,0,12.47,0,0.01,0,0,0,0,18.00,0,0
Hsa-Mir-430-P26_pri,0,0,0,0,0,0,0,0,5.23,0.01,0.46,0,0,5.73,0,0,0,0,0,0,222.45,0,0.00,0,0.09,0,0,0,0,1153.24,0,0
Hsa-Mir-430-P27_pri,0,0,0,0,0,0,0,0,0.28,0.03,0,0,0,0,0,0,0,0,0,0,699.79,0,0,0,0.08,0,0,0,0,34.42,0,0
Hsa-Mir-430-P28_pri,0,0,0,0,0,0,0,0,0,0.01,0,0,0,0,0,0,0,0,0,0,125.13,0,0,0,0.02,0,0,0,0,5.29,0,0
Hsa-Mir-430-P29a_pri,0,0,0,0,0.00,0,0,1.40,25.30,0.02,2.28,0,0,7.65,1.77,0,6.56,0,0,0,82964.13,0,0,3.03,0.59,0,12.62,7.23,0,3337.95,0,3.55
Hsa-Mir-430-P29b_pri,0,0,0,0,0.00,0,0,1.40,25.30,0.02,2.28,0,0,7.65,1.77,0,6.56,0,0,0,82964.13,0,0,3.03,0.59,0,12.62,7.23,0,3337.95,0,3.55
Hsa-Mir-430-P29c_pri,0,0,0,0,0.00,0,0,0,10.73,0.00,0.46,0,0,0,0,0,1.31,0,0,0,5158.03,0,0,0,0.03,0,3.61,0,0,1248.02,0,0
Hsa-Mir-430-P30_pri,0,0,0,0,0,0,0,0,0,0.01,0,0,0,1.91,0,0,0,0,0,0,10450.46,0,0,0,0.16,0,0,0,0,5.29,0,0
Hsa-Mir-430-P31a_pri,0,0,0,0,0,0,0,0,0,0,0,0,0,0,0,0,0,0,0,0,27.81,0,0,0,0,0,0,0,0,2.12,0,0
Hsa-Mir-430-P31b_pri,0,0,0,0,0,0,0,0,0,0.00,0,0,0,0,0,0,0,0,0,0,27.81,0,0,0,0,0,0,0,0,2.12,0,0
Hsa-Mir-430-P32_pri,0,0,0,0,0,0,0,0,0.55,0.00,0.91,0,0,3.82,0,0,0,0,0,0,5728.06,0,12.47,0,0.01,0,0,0,0,7.41,0,0
Hsa-Mir-430-P33a_pri,0,0,0,0,0,0,0,0.70,0,0.03,0,0,0,0,0,0,0,0,0,0,1594.22,0,0,0,0.12,0,0,0,0,28.59,0,0
Hsa-Mir-430-P33b_pri,0,0,0,0,0,0,0,0,0,0.01,0,0,0,0,0,0,0,0,0,0,481.97,0,0,0,0.07,0,0,0,0,5.82,0,0
Hsa-Mir-430-P34a_pri,0,0,0,0,0,0,0,0,0.28,0.03,0,0,0,0,0,0,0,0,4.03,0,616.37,0,0,0,0.26,0,0,0,0,15.88,0,0
Hsa-Mir-430-P34b_pri,0,0,0,0,0,0,0,0,0.83,0.17,0,0,0,0,0,0,0,0,4.03,0,1255.91,0,0,0,0.29,0,0,0,0,53.48,0,0
Hsa-Mir-430-P35_pri,0,0,0,0,0,0,0,0,0,0.00,0,0,0,1.91,0,0,0,0,0,0,648.81,0,12.47,0,0.01,0,0,0,0,18.00,0,0
Hsa-Mir-430-P36_pri,0,0,0,0,0.00,0,0,0,2.75,0.03,1.37,0,0,5.73,0,0,0.33,0,0,0,5663.18,0,12.47,0,0.11,0,2.70,0,0,153.02,0,0
Hsa-Mir-430-P37a_pri,0,0,0,0,0,0,0,0,0.55,0.01,0,0,0,0,0,0,0,0,0,0,6159.05,0,0,0.34,0.02,0,0,0,0,51.36,0,0
Hsa-Mir-430-P37b_pri,0,0,0,0,0,0,0,0,0.55,0.01,0,0,0,0,0,0,0,0,0,0,6159.05,0,0,0.34,0.02,0,0,0,0,51.36,0,0
Hsa-Mir-430-P37c_pri,0,0,0,0,0,0,0,0,0,0.01,0,0,0,0,0,0,0,0,0,0,0.00,0,0,0,0.00,0,0,0,0,0.53,0,0
Hsa-Mir-430-P38_pri,0,0,0,0,0,0,0,0,0,0.00,0,0,0,1.91,0,0,0,0,0,0,648.81,0,12.47,0,0.01,0,0,0,0,18.00,0,0
Hsa-Mir-430-P39_pri,0,0.00,0,0,0,0.00,0,0,15.95,0.11,0.46,0,0,0.00,0,0,0.33,0,20.15,0,4087.50,0,0.00,0,0.04,0,16.23,0,0,55.60,0,0
Hsa-Mir-430-P40a_pri,0,0,0,0,0,0,0,1.40,9.35,0.04,1.37,0,0,3.82,0,0,0.33,0,4.03,0,6196.13,0,0,0,0.10,0,9.92,7.23,0,196.44,0,0
Hsa-Mir-430-P40b_pri,0,0.00,0,0,0,0.00,0,0.00,2.20,0.02,0,0,0,0,0,0,0,0,4.03,0,1645.19,0,0,0,0.07,0,7.21,0,0,34.95,0,0
Hsa-Mir-430-P41a_pri,0,0,0,0,0,0,0,0,24.48,0.48,0,0,0.06,0,0,0,0.66,0,0.00,0,579.29,0,0,0,0.12,0,3.61,0,0,193.80,0,0
Hsa-Mir-430-P41b_pri,0,0,0,0,0.00,0,0,0,24.48,0.48,0,0,0.06,0,0,0,0.66,0,0.00,0,579.29,0,0,0,0.12,0,3.61,0,0,193.80,0,0
Hsa-Mir-431_pri,0,0,0,0,0,0,0.05,2.11,9.90,136.08,1.37,1.98,2.68,0.00,12.39,2.72,1523.56,0.81,8.06,0,148.30,2.74,0,8.08,0.35,3.12,2.70,0.00,5.80,9.00,0.00,1.78
Hsa-Mir-432_pri,0,0,14.60,0,0,0,1.43,1115.32,377.08,93.32,1216.59,4.52,2.33,145.28,129.23,9.86,1959.62,3.25,20.15,8.82,991.75,68.51,74.79,39.41,10.06,149.75,52.29,151.79,179.80,41.83,97.16,167.06
Hsa-Mir-433_pri,0,0,0,0,0,0,0.12,640.13,392.21,13.76,1296.45,1.65,0.72,76.46,67.27,3.06,294.75,4.88,28.21,24.85,741.50,50.34,24.93,15.83,1.69,112.32,61.31,72.28,40.60,17.47,60.72,110.19
Hsa-Mir-448_pri,0,0,0,0,0,0,0,0.70,1.38,1.10,0,0,0,0,0,0,0,0,0,0,0,0,0,0,0.01,0,15.33,0,0,0,0,0
Hsa-Mir-450-P1_pri,28.49,35.96,0,0,6.88,2.21,3.87,0.00,7.43,105.15,0.46,5.55,11.16,3.82,10.62,108.80,92.78,93.54,0,0,32.44,15.86,0,8.42,13.16,0,450.80,36.14,0,423.60,0,14.22
Hsa-Mir-450-P2_pri,37.99,44.95,0,0,6.88,2.21,3.87,0,7.43,105.11,0.46,5.55,11.16,3.82,10.62,108.80,93.11,94.35,0,0,32.44,15.86,0,8.42,13.18,0,451.70,36.14,0,424.66,0,14.22
Hsa-Mir-450-P3_pri,101.30,179.80,7.30,0,12.62,2.94,4.62,0,0,247.99,0,10.13,37.65,0,0,274.38,2.95,72.39,0,0,0,38.94,0,22.57,10.65,0,19.84,0,0,11.65,0,0
Hsa-Mir-451_pri,18.99,6.74,72.98,0,3.44,1.47,46520.77,2.81,413.67,3686.90,2.28,1035.27,0.18,97.49,171.71,12783.82,2361.57,2375.94,987.52,3567.55,203.91,2078.59,37.40,2760.49,30345.71,218.39,6504.13,1228.76,133.40,245.69,242.90,39.10
Hsa-Mir-452-v1_pri,6.33,38.21,0,0,17.21,4.41,0.42,0,2.48,91.22,0.46,17.62,0.06,26.76,5.31,5.10,12.79,28.47,12.09,7.21,23.17,34.33,0,152.91,1203.11,18.72,35.16,0,5.80,13.24,12.14,1.78
Hsa-Mir-452-v2_pri,6.33,38.21,0,0,17.21,2.94,0.42,0,2.48,91.12,0.46,16.72,0.06,26.76,5.31,5.10,12.79,27.66,12.09,4.01,23.17,34.33,0,155.61,1203.27,18.72,35.16,0,5.80,13.24,12.14,1.78
Hsa-Mir-455-v1_pri,12.66,8.99,0,0.00,12.62,23.54,0.00,0.70,1.38,84.30,1.37,30.32,57.70,5.73,31.86,0.00,11.15,623.88,0.00,4.01,9.27,0.00,0.00,32.00,81.67,24.96,24.34,21.68,0.00,1.59,0.00,10.66
Hsa-Mir-455-v2_pri,0.00,0.00,0,7.75,1.15,3.68,0.07,67.38,12.10,32.55,301.18,7.50,54.36,430.11,3653.78,1.02,245.89,257.03,1060.08,10.42,1102.98,0.29,12.47,68.04,90.42,1625.45,270.48,2710.50,307.40,49.24,194.32,2239.32
Hsa-Mir-455-v3_pri,0.00,0.00,0,7.75,1.15,3.68,0.07,67.38,12.10,32.55,301.18,7.50,54.36,430.11,3653.78,1.02,245.89,257.03,1060.08,10.42,1102.98,0.29,12.47,68.04,90.42,1625.45,270.48,2710.50,307.40,49.24,194.32,2239.32
Hsa-Mir-459_pri,0,0,0,0,0,0,0,0,0,0,0,0,0.24,0,0,0,0,0,0,2.40,0,0,0,0,0.02,0,0,0,0,0,0,0
Hsa-Mir-483_pri,0,2.25,0,0.00,13.77,28.69,0.09,102.48,4.13,16.06,7.30,0.25,0.12,168.22,76.12,0,1315.05,25.22,24.18,25.65,3420.15,2.88,74.79,13.81,1.83,56.16,18.93,7.23,5.80,4.24,0.00,97.75
Hsa-Mir-484_pri,34.82,15.73,88527.87,88621.22,7152.17,5708.45,1333.17,962.30,88.56,678.15,778.97,149.64,297.08,281.01,617.81,1638.82,175.73,144.79,834.36,0,963.94,1123.52,174.52,236.78,39.96,1057.64,137.94,1532.33,382.80,53.48,789.42,314.57
Hsa-Mir-486_pri,18.99,69.67,270.04,30.98,1157.42,71.35,384042.19,1851.61,116.07,13365.48,3632.44,1710.37,117.24,39813.12,12312.02,21012.94,1727.17,129.33,21919.02,2.40,11650.76,92635.69,44950.82,783.76,1000.51,3550.41,632.92,24177.64,910.59,39.71,7614.86,1795.01
Hsa-Mir-488_pri,0,0,0,0,0,0,0,2.11,6.60,19.56,0.46,0.28,0,0,0,0,0,0,0,0,0,0,0,6.06,0.41,0,11.72,0,0,0,0,0
Hsa-Mir-489-v1_pri,0,0,0,0,5.74,13.24,0,0,1.65,4.29,0,2.19,0.18,0,19.47,0,0.66,0,0,0,0,0,0,0,3.05,0,8.11,0,0,2.65,0,0
Hsa-Mir-489-v2_pri,0,0,0,0,5.74,13.24,0,0,1.65,4.29,0,2.19,0.18,0,19.47,0,0.66,0,0,0,0,0,0,0,3.05,0,8.11,0,0,2.65,0,0
Hsa-Mir-490_pri,0,0,0,0,0,0,0.00,1023.37,113.87,4.97,158.80,1.38,0.00,844.93,0,0.34,32.13,0.81,20.15,0.00,50.98,0.29,0,0,0.02,1185.55,6.31,7.23,1606.59,4.77,24.29,19.55
Hsa-Mir-491_pri,0,0,0,0,3.44,2.21,0.49,148.10,195.28,1.33,493.30,0.41,0.30,244.69,58.42,6.46,20.33,0,84.64,0,125.13,1.01,249.31,25.93,4.43,177.83,51.39,144.56,324.80,13.77,352.20,56.87
Hsa-Mir-493_pri,0,0,0,0,0,0,0.45,8.42,14.30,119.01,9.13,6.30,5.01,66.91,81.43,51.34,2789.10,29.28,52.40,0,658.08,49.90,24.93,20.21,26.51,71.76,27.95,144.56,29.00,151.97,36.43,95.97
Hsa-Mir-499_pri,37.99,56.19,0,0,5.74,2.94,0.28,0,77.84,4.67,0.46,2.44,0.54,1169.91,5.31,2.04,14.43,202.54,0,0.80,0,0.43,62.33,6.40,2.42,0,65.82,14.46,0,46.07,0,1.78
Hsa-Mir-504-v1_pri,0,2.25,0,0,1.15,0,0.16,63.87,4.13,25.88,1.83,3.35,0.18,7.65,8.85,7.82,0,13.01,20.15,1.60,23.17,3.17,0.00,22.90,3.90,24.96,0,28.91,11.60,1.59,0,7.11
Hsa-Mir-504-v2_pri,0,2.25,0,0,1.15,0,0.16,63.87,4.13,25.88,1.83,3.35,0.18,7.65,8.85,7.82,0,13.01,20.15,1.60,23.17,3.17,0.00,22.90,3.90,24.96,0,28.91,11.60,1.59,0,7.11
Hsa-Mir-505-v1_pri,0.00,0.00,0.00,0,1.15,2.94,6.54,25.27,1.65,3.91,1.37,0.77,0.95,11.47,26.55,9.18,1.31,8.13,12.09,0.00,4.63,50.34,0,2.69,2.25,15.60,3.61,28.91,5.80,1.59,0,5.33
Hsa-Mir-505-v2_pri,0.00,0.00,0.00,0,1.15,2.94,6.54,25.27,1.65,3.91,1.37,0.77,0.95,11.47,26.55,9.18,1.31,8.13,12.09,0.00,4.63,50.34,0,2.69,2.26,15.60,3.61,28.91,5.80,1.59,0,5.33
Hsa-Mir-506-P1a1_pri,0,0,0,0,0,0,0.07,0,0.55,2.98,0,0,462.47,0,12.39,0,0,8.13,0,0,0,0,0,22.23,90.66,0,17.13,0,0,3633.94,0,0
Hsa-Mir-506-P1a2_pri,0,0,0,0,0,0,0.07,0,0.55,2.98,0,0,462.47,0,12.39,0,0,8.13,0,0,0,0,0,22.23,90.66,0,17.13,0,0,3633.94,0,0
Hsa-Mir-506-P1a3_pri,0,0,0,0,0,0,0.07,0,0.55,2.98,0,0,462.47,0,12.39,0,0,8.13,0,0,0,0,0,22.23,90.66,0,17.13,0,0,3633.94,0,0
Hsa-Mir-506-P1b_pri,0,0,0,0,0,0,0,0,0,0.07,0,0,14.80,0,51.34,0,0,0,0,0,0,0.14,0,0,0.27,0,12.62,0,0,872.61,0,0
Hsa-Mir-506-P1c1_pri,0,0,0,0,0,0,0.35,2.81,0.28,23.29,0.46,0.36,5123.46,0,246.06,0.68,0,0.00,0,0,4.63,1.44,0,15.83,14.19,0,11.72,0,0,455.37,0,1.78
Hsa-Mir-506-P1c2_pri,0,0,0,0,0,0,0.35,2.81,0.28,23.29,0.46,0.36,5123.46,0,246.06,0.68,0,0.00,0,0,4.63,1.44,0,15.83,14.19,0,11.72,0,0,455.37,0,1.78
Hsa-Mir-506-P1c3_pri,0,0,0,0,0,0,0.35,2.81,0.28,23.29,0.46,0.36,5123.46,0,246.06,0.68,0,0.00,0,0,4.63,1.44,0,15.83,14.19,0,11.72,0,0,455.37,0,1.78
Hsa-Mir-506-P1d_pri,0,0,0,0,0,0,0,0,0,0,0,0,0.72,0,0,0,0,0,0,0,0,0,0,0,0.01,0,0,0,0,0,0,0
Hsa-Mir-506-P1e_pri,0,0,0,0,0,0,0,0.70,0.28,0.03,0,0,5.31,1.91,233.67,0,0,0,0,0,0,0,0,2.36,0.64,0,6.31,0,0,868.38,0,0
Hsa-Mir-506-P2b_pri,0,0,0,0,0,0,0,0,0,0.02,0,0,8.05,0,0,0,0,0,0,0,0,0,0,3.03,0.68,0,0,0,0,15.36,0,0
Hsa-Mir-506-P3_pri,0,0,0,0,0,0,0,2.11,5.50,3.80,0,0,709.01,3.82,431.94,0.34,0,0.81,0,0,4.63,0,49.86,22.57,80.84,3.12,318.26,0,0,32234.19,0,3.55
Hsa-Mir-506-P4_pri,0,0,0,0,0,0,0.16,2.11,0.55,3.62,0,0,189.20,0,336.35,1.70,0.33,0,0,0,0,0.72,0,7.07,18.92,0,26.15,0,0,5036.05,0,0
Hsa-Mir-506-P5a1_pri,0,0,0,0,0,0,0,5.62,0.28,0.16,0.46,0,27.80,3.82,1527.72,0,0.33,0,4.03,0,0,0,0,0.00,0.75,0,36.97,0,0,3319.42,0,1.78
Hsa-Mir-506-P5a2_pri,0,0,0,0,0,0,0,5.62,0.28,0.16,0.46,0,27.80,3.82,1527.72,0,0.33,0,4.03,0,0,0,0,0.00,0.75,0,36.97,0,0,3319.42,0,1.78
Hsa-Mir-506-P5b_pri,0,0,0,0,0,0,0,0,0,0.14,0,0,17.60,0,23.01,0,0.33,0,0,0,0,0,0,2.69,0.56,0,26.15,0,0,1530.25,0,0
Hsa-Mir-506-P5c_pri,0,0,0,0,0,0,0,0,2.48,0.25,0.46,0,46.06,0,194.73,0,0,0,4.03,0,4.63,0,0,4.72,2.34,0,12.62,0,0,1921.54,0,0
Hsa-Mir-506-P6a_pri,0,0,0,0,0,0,0,0,0,0.23,0,0,0,0,0,0,0,0,0,0,0,0,0,0,0.04,0,0,0,0,11.12,0,0
Hsa-Mir-506-P6b_pri,0,0,0,0,1.15,0,0,0,0,3.55,0,0,0.12,0,0,0,0,0.81,0,0,0,0,0,1.68,0.08,0,0.00,0,0,114.37,0,0
Hsa-Mir-506-P6c_pri,0,0,0,0,1.15,0,0,0,0,3.04,0,0,0.24,0,0,0,0,0,0,0,0,0,0,0,0.16,0,0,0,0,331.47,0,0
Hsa-Mir-506-P6d_pri,0,0,0,0,0,0,0,0,0.28,0.36,0,0,0,0,0,0,0,0,0,0,0,0,0,0,0.03,0,0,0,0,109.61,0,0
Hsa-Mir-506-P6e_pri,0,0,0,0,0,0,0,0,0,0.19,0,0,0,0,0,0,0,0,0,0,0,0,0,0,0.02,0,0,0,0,3.18,0,0
Hsa-Mir-511_pri,0,0,0,0,0,0,0.02,0,0,1.31,0,3.86,0,0,0,0,0.66,47.18,0,0.80,0,0,0,25.26,7.89,0,0.90,0,0,0.00,0,0
Hsa-Mir-541_pri,0,0,0,0,0,0,0.00,2.11,1.10,2.32,0.91,0,0.00,1.91,0,0,1.31,0,0,2.40,0,0.00,0,0,0.03,6.24,0.90,0,0,0.00,0,0
Hsa-Mir-542-v1_pri,0.00,0.00,0,0,0.00,1.47,0.42,0.00,0.28,47.59,0,6.31,13.60,0.00,0.00,20.06,3.61,53.68,0.00,0,0.00,2.16,0,7.07,41.92,0.00,16.23,0.00,0.00,16.41,0,0.00
Hsa-Mir-542-v2_pri,0.00,0.00,0,0,0.00,1.47,0.42,0.00,0.28,47.59,0,6.31,13.60,0.00,0.00,20.06,3.61,53.68,0.00,0,0.00,2.16,0,7.07,41.92,0.00,16.23,0.00,0.00,16.41,0,0.00
Hsa-Mir-544_pri,0,0.00,0,0,0,0,0,0,0,0.20,0,0.00,0,0,0,0,0.00,0,0,0,0,0,0,0,0.07,0,0,0,0,0,0,0
Hsa-Mir-550-P1_pri,6.33,0.00,36.49,0,364.78,312.60,4.01,0.00,0.28,11.58,0.00,3.44,5.13,0.00,0.00,2.72,0.98,0,0.00,0,4.63,0.00,0.00,4.04,2.97,0.00,7.21,7.23,11.60,0.00,12.14,0.00
Hsa-Mir-550-P2a_pri,6.33,0,36.49,0,364.78,312.60,4.01,0.00,0.28,11.58,0.00,3.44,5.13,0.00,0.00,2.72,0.98,0,0.00,0,4.63,0.00,0,4.04,2.97,0.00,7.21,7.23,11.60,0.00,12.14,0.00
Hsa-Mir-550-P2b_pri,6.33,0.00,36.49,0,364.78,312.60,4.01,0.00,0.28,11.58,0.00,3.44,5.13,0.00,0.00,2.72,0.98,0,0.00,0,4.63,0.00,0.00,4.04,2.97,0.00,7.21,7.23,11.60,0.00,12.14,0.00
Hsa-Mir-551-P1_pri,0,0.00,0,7.75,21.79,13.98,0,0,0,1.04,0,0.09,0.06,0,0,1.02,0.33,0.81,0,0,0,0,0,3.70,0.21,0,0,0,0,0,0,0
Hsa-Mir-551-P2_pri,0,0.00,0,0,1.15,0,0,0.00,0.00,3.64,0.00,0.35,0,0,0,0,0.00,0,0,0,0,0.00,0,1.68,0.28,0,0,0,0,0.00,0.00,0
Hsa-Mir-552_pri,0,0,0,0,0,0,0,0,0,0.32,0,6.53,0,0,0,0,0,0,0,0,0,0.14,0,0,0.05,0,0,0,0,1.06,0,0
Hsa-Mir-556_pri,9.50,2.25,0,0,112.42,32.36,0.02,0,0.83,1.57,0,1.16,0,0,0,0.00,0.98,3.25,0,0.00,0,2.45,0,0,0.27,3.12,6.31,0,0,1.59,0,0
Hsa-Mir-561_pri,31.66,44.95,65.68,54.22,520.78,273.62,0,0,0,85.42,0,13.61,332.22,0,0,0,0,0,0,0,0,0,0,0,0.55,0,0,0,0,0,0,0
Hsa-Mir-574_pri,3.17,0.00,7.30,7.75,51.62,51.49,2.51,156.52,29.43,255.39,41.98,170.01,109.73,298.21,536.38,75.14,66.23,207.42,2249.14,0,1311.52,10.24,12.47,359.04,248.22,2349.26,313.76,1199.85,887.39,79.42,194.32,1571.08
Hsa-Mir-576_pri,9.50,13.49,29.19,0,238.60,80.17,6.66,0,0.55,34.01,0,8.68,15.63,1.91,0.00,64.60,2.62,15.45,0,4.81,4.63,2.02,0,17.85,8.81,0,12.62,0,0,1.06,0,0
Hsa-Mir-577_pri,22.16,26.97,116.77,38.73,173.21,170.64,0.19,0,40.98,34.20,0,109.97,76.79,0,0,33.32,0,0.81,0,1.60,0,1.73,0,0,1.53,0,26.15,0,0,0,0,0
Hsa-Mir-579_pri,0.00,0.00,0,0.00,0.00,0.00,0.05,0,0,0.31,0.00,0.06,0.12,0.00,0.00,0.34,0.33,0.81,0.00,0,0,0,0,0,0.18,0,0.00,0.00,0,0.00,0.00,0
Hsa-Mir-580_pri,0,0,0,0,8.03,2.94,2.67,0,0,2.07,0,0.76,1.49,0,0,3.74,0.33,0,0,0,0,2.45,0,0,0.53,0,0.90,0,0,0,0,0
Hsa-Mir-582-v1_pri,0,0,0,0,0.00,5.88,0.42,0,1.10,52.90,0,18.83,70.94,0,0,60.52,0.66,7.32,0,0,0,0.29,0,20.21,11.44,0.00,8.11,0,0,0.00,0,0.00
Hsa-Mir-582-v2_pri,0,0,0,0,0.00,5.88,0.42,0,1.10,52.90,0,18.83,70.94,0,0,60.52,0.66,7.32,0,0,0,0.29,0,20.21,11.43,0.00,8.11,0,0,0.00,0,0.00
Hsa-Mir-584_pri,3.17,6.74,94.88,61.97,800.68,176.53,301.03,14.74,144.40,105.40,143.29,6.30,494.33,279.10,10.62,397.46,16.39,3.25,32.25,0,514.41,2449.98,0,4.72,7.61,18.72,137.04,21.68,5.80,20.65,0,10.66
Hsa-Mir-585_pri,0,0,0,0,0,0,0,1.40,0.55,1.04,4.11,0.44,0.00,9.56,24.78,0,0,0,0,0,9.27,0,0,7.75,16.11,6.24,3.61,0,5.80,1.06,12.14,1.78
Hsa-Mir-589_pri,50.65,62.93,29.19,30.98,352.16,127.98,94.66,51.24,21.45,108.96,140.10,22.94,218.91,103.23,111.53,260.44,8.85,8.95,205.57,0.80,106.59,336.77,62.33,13.81,11.39,124.79,18.03,332.49,214.60,32.83,437.22,101.30
Hsa-Mir-590_pri,12.66,17.98,21.89,7.75,286.78,133.87,0.23,0.70,32.46,44.63,0,15.23,26.43,1.91,0,15.98,9.51,24.40,4.03,0.00,0,1.59,0,7.75,9.20,6.24,468.83,7.23,0,50.30,0,0
Hsa-Mir-592_pri,0,0,0,0,0,0,0,0,34.11,38.65,0.46,12.09,0.30,0,0,0,7.54,21.15,0,0,0,0,0,0,0.41,3.12,15.33,0,0,1.59,0,0
Hsa-Mir-598_pri,0,0,0,0,0,0,1.99,71.59,1196.44,45.09,109.52,17.91,17.72,11.47,35.40,15.64,64.59,8.95,48.37,123.43,0,1.59,0,6.40,65.36,12.48,561.70,72.28,17.40,114.90,24.29,16.00
Hsa-Mir-599_pri,0,0,0,0,0,0,0.07,0,0.83,0.23,0.91,0,0,0,0,1.36,0,0,0,0,0,0.14,0,0,0.25,0,2.70,0,0,0,12.14,0
Hsa-Mir-605-v1_pri,0,0,0,0,0,0,1.03,0,0,0.47,0.00,0.00,0.24,0,0.00,17.34,0,0,0,0,0,61.01,0,0,0.04,0,0,0,0.00,0,0,0.00
Hsa-Mir-605-v2_pri,0,0,0,0,0,0,1.03,0,0,0.47,0.00,0.00,0.24,0,0.00,17.34,0,0,0,0,0,61.01,0,0,0.04,0,0,0,0.00,0,0,0.00
Hsa-Mir-615_pri,0,0,21.89,7.75,110.12,207.42,0,0.70,0,80.91,3.65,1.15,95.88,5.73,2729.71,1.36,0.33,0.81,16.12,0,407.82,0.72,623.28,90.26,11.61,446.14,42.38,7.23,40.60,33.89,24.29,362.56
Hsa-Mir-616_pri,3.17,8.99,14.60,23.24,25.24,13.24,0.35,0,0.00,7.82,0.00,1.98,5.43,0.00,0.00,6.46,0.00,0.81,0,0,0,1.15,0,0.00,0.67,0.00,0.00,0,0,0.00,0,0
Hsa-Mir-624_pri,3.17,6.74,0,0,28.68,5.88,13.16,0,0.83,2.22,0,0.49,1.49,0,7.08,12.24,3.61,1.63,12.09,0,0,3.89,0,0,1.56,6.24,9.92,36.14,0,7.41,0,0
Hsa-Mir-628_pri,3.17,4.50,7.30,0,9.18,13.24,0.28,0.00,45.93,37.64,0.46,5.93,11.75,0.00,0.00,4.76,1.64,8.95,0.00,0.80,0,3.46,0.00,19.20,40.86,0,36.06,0,0,5.29,0,0.00
Hsa-Mir-629_pri,0,6.74,7.30,0,266.13,271.41,289.51,110.90,5.23,13.67,12.32,9.85,16.83,82.20,72.58,172.38,9.51,25.22,68.52,0,101.96,92.45,12.47,5.39,18.78,102.96,57.70,115.65,17.40,22.77,194.32,42.65
Hsa-Mir-642_pri,0,0,0,0,37.85,13.98,0.00,0.70,1.38,1.39,0.46,1.56,0.54,40.14,10.62,6.12,0.33,0,40.31,0,0,0.00,0,7.41,1.01,43.68,0.00,36.14,17.40,0.00,0,0.00
Hsa-Mir-651_pri,72.81,87.65,0,0,22.94,24.27,1.01,0,3.30,5.87,0,4.28,0.95,0,0,8.50,5.90,24.40,0,0,0,0.87,0,2.69,6.36,0,10.82,0,0,24.89,0,0
Hsa-Mir-652_pri,0,0,0,0,47.03,31.63,197.20,933.52,347.10,24.79,744.28,16.42,15.10,4786.67,2676.60,100.30,225.24,13.01,2890.02,0.00,2025.21,47.59,785.33,140.11,104.31,2658.13,293.02,3621.22,1090.39,67.78,1578.84,614.92
Hsa-Mir-653_pri,0.00,0.00,0,0,0.00,0.00,0,0,1.10,0.50,0,0.15,0.00,0,14.16,0,0.66,3.25,0,0,0,0,0,0.67,1.35,3.12,9.92,0,5.80,7.94,0,0
Hsa-Mir-670_pri,0,0,0,0,0,0,0,0.00,0.28,79.81,0.00,0.34,1.79,0,0,0,0,0,0,0,0,0,0,0,0.00,0,0,0,0,1.06,0,0
Hsa-Mir-671_pri,0.00,11.24,0.00,7.75,89.47,49.28,0.02,1010.73,171.35,27.73,143.75,2.88,10.32,164.40,389.45,4.76,111.47,8.95,157.20,1.60,213.18,0.87,124.66,40.42,16.76,368.14,60.41,419.22,156.60,106.96,303.62,119.07
Hsa-Mir-675_pri,0,0,0,0,6.88,0.74,0,0.70,0.00,4.50,0,0.06,0.42,3.82,1.77,0,15.41,8.13,0.00,0,64.88,0,0.00,3.70,2.86,0.00,0.00,0.00,0.00,0.53,0,3.55
Hsa-Mir-676_pri,0,0.00,0,0,1.15,0.00,0,0,3.30,0.82,0,0.20,0.89,1.91,1.77,0,1.64,0.81,0,0.80,0,0,0,0.67,0.97,0,0,0,0,0.53,0,0
Hsa-Mir-708_pri,0,0,0,0,0,0,0,1078.82,752.79,85.83,35.59,4.92,0.30,19.12,58.42,0.34,10.16,1.63,32.25,0,0,0.14,0,746.37,233.29,53.04,1006.18,21.68,5.80,72.54,24.29,24.88
Hsa-Mir-744_pri,307.06,393.32,503.58,170.41,861.47,449.41,18.36,10534.09,1208.82,373.12,4106.11,45.03,244.57,3851.90,5349.67,194.82,318.35,99.23,2974.67,0,3387.71,1013.62,947.38,845.05,330.98,3853.04,483.26,4134.41,1229.59,217.09,2659.74,2390.38
Hsa-Mir-760_pri,0,0,0.00,7.75,9.18,4.41,0,304.62,22.00,2.01,121.39,0,0.78,24.85,12.39,0.34,0.98,0,24.18,0,9.27,2.16,12.47,124.96,0.20,21.84,10.82,50.60,23.20,14.83,0,14.22
Hsa-Mir-766_pri,0,0,0,0,3.44,2.21,3.19,149.50,17.33,12.50,18.25,2.58,22.73,3.82,5.31,151.30,1.97,2.44,48.37,0,55.61,97.21,12.47,13.14,5.34,62.40,8.11,122.88,40.60,29.12,218.61,8.89
Hsa-Mir-769_pri,25.32,8.99,401.40,100.70,1869.77,1426.19,22.37,130.55,21.18,854.87,9.58,140.59,221.78,17.20,28.32,819.75,1.97,34.16,20.15,0.00,13.90,473.06,0,130.68,195.11,34.32,29.75,57.82,5.80,4.77,0.00,19.55
Hsa-Mir-770_pri,0,0,0,0,0,0,0,282.86,209.58,1.42,209.91,0,0.24,3.82,3.54,0,65.24,0,0,0,78.78,0.14,0,0,0.04,9.36,18.03,0.00,11.60,7.41,0,12.44
Hsa-Mir-873-v1_pri,0,0,0,0,0,0,0.05,0.00,2.75,39.54,0.00,0.84,121.12,0,0,4.42,0,0.81,0,1.60,0,0.00,0,3.37,1.27,0,7.21,0,0,2.12,0,3.55
Hsa-Mir-873-v2_pri,0,0,0,0,0,0,0.05,0.00,2.75,39.54,0.00,0.84,121.00,0,0,4.42,0,0.81,0,1.60,0,0.00,0,3.37,1.27,0,7.21,0,0,2.12,0,3.55
Hsa-Mir-874_pri,3.17,0,0,0,3.44,1.47,1.69,3182.41,180.15,64.10,2028.41,14.75,49.05,3616.77,2290.69,166.26,53.77,13.83,1543.76,3.21,1765.69,20.05,74.79,153.59,26.07,970.28,137.04,1084.20,522.00,95.84,1129.48,1247.62
Hsa-Mir-875_pri,0,0,0,0,0,0,0,0,0,0.02,0,0,0,0,0,0,0,0,0,0,0,0,0,0,0,0,0,0,0,0,0,0
Hsa-Mir-876-v1_pri,0,0,0,0,0,0,0,0,6.88,0.74,0,0,2.45,0,0,0.68,0.66,0.81,0,0,0,0,0,0.67,0.05,0,4.51,0,0,0,0,0
Hsa-Mir-876-v2_pri,0,0,0,0,0,0,0,0,0.00,0.11,0,0,3.16,0,0,0.00,0.00,0.00,0,0,0,0,0,1.01,0.11,0,0.00,0,0,0,0,0
Hsa-Mir-877_pri,6.33,8.99,96337.00,128257.16,43.59,97.09,6.47,182.49,18.43,131.66,45.18,1.64,32.94,72.64,111.53,8.84,5.25,1.63,60.46,0,60.25,26.11,12.47,2.02,5.52,112.32,10.82,137.33,52.20,7.94,85.01,46.21
Hsa-Mir-885_pri,0,0,0,0,0,0,0,32.29,38.51,6.87,36.51,0.23,0,0,0.00,0.68,21.97,161.87,4.03,1.60,0,1.30,24.93,8.42,2.92,3.12,20.74,0,0,0.00,0,7.11
Hsa-Mir-887_pri,0,0,0,0,0,0,0,86.33,28.88,106.00,13.23,12.95,110.98,89.85,83.20,0,12.13,1.63,116.89,2.40,74.15,0,0.00,3.70,6.78,274.55,37.87,166.24,58.00,19.59,0,247.04
Hsa-Mir-934_pri,0,0,0,0,0,0.00,0,0,0,0.22,0,0,0,0,0,0,0,0,0.00,0,0.00,0,0,3.70,0.07,0,0,0,0,0,0,0
Hsa-Mir-935-v1_pri,0.00,0,0,0,8.03,11.77,0,325.68,80.86,32.13,32.86,0.16,0,5.73,8.85,5.44,0,0.81,12.09,0,0,0.43,37.40,10.44,2.64,9.36,13.52,7.23,5.80,3.71,12.14,3.55
Hsa-Mir-935-v2_pri,0.00,0,0,0,8.03,11.77,0,325.68,80.86,32.13,32.86,0.16,0,5.73,8.85,5.44,0,0.81,12.09,0,0,0.43,37.40,10.44,2.64,9.36,13.52,7.23,5.80,3.71,12.14,3.55
Hsa-Mir-944_pri,0,0,0,0,8.03,0,0,0,0.28,12.51,0,0.09,0,0,0,0.34,0,0.81,0,0,0,0,0,11.11,60.55,0,2.70,0,0,0.53,0.00,0
Hsa-Mir-1180_pri,15.83,2.25,29.19,30.98,454.25,287.59,24.81,8280.29,591.07,111.61,2594.27,7.53,51.43,1605.75,2513.74,1.36,203.93,13.83,737.62,0,713.69,3.03,336.57,21.89,3.48,1116.91,102.78,491.50,840.99,118.61,740.84,1064.56
Hsa-Mir-1247_pri,12.66,17.98,0,0.00,6.88,36.78,0,346.74,80.31,5.22,177.97,7.22,0,950.07,787.76,0,1705.85,3.25,3349.52,0,28153.68,0,4238.29,182.55,7.99,480.46,42.38,722.80,1548.59,594.10,3947.10,9950.74
Hsa-Mir-1249_pri,0,0.00,0,0,5.74,2.21,0.28,1007.22,17.60,13.81,99.48,1.07,14.92,24.85,60.19,44.88,1.97,2.44,16.12,0,13.90,2.16,149.59,9.43,11.94,37.44,27.05,173.47,0,4.24,0,56.87
Hsa-Mir-1251_pri,0,0,0,0,0,0,0,0.70,0.00,149.57,0,0,0,0,0,0,0,0,0,0,0,0,0,0,0.01,0,0.90,0,0,0.53,0,0
Hsa-Mir-1252_pri,9.50,6.74,0,0,10.32,10.30,0,0,0,2.29,0,0,0,0,0,0,0,0,0,0,0,0,0,0,0.06,0,0,0,0,0,0,0
Hsa-Mir-1264_pri,0,0,0,0,0,0,0,0,0,0.14,0,0,0,0,0,0,0,0,0,0,0,0,0,0,0,0,1.80,0,0,0,0,0
Hsa-Mir-1266_pri,0,2.25,0,0,32.12,25.74,0,0,0,1.32,2.28,0.94,0.12,0.00,1.77,0.68,0,0,0,3.21,0,0.14,0,0,0.31,3.12,0,0,0,1.06,12.14,0
Hsa-Mir-1269_pri,0,0,0,0,0,0,0,2.81,0,15.01,0,0.27,0,0,8.85,0,0,0,0,0,296.60,0,0,0,0.07,0,0,0,0,1.06,12.14,0
Hsa-Mir-1270_pri,0,0,0,0,0,0,12.36,10.53,4.95,2.74,9.58,0.23,0.24,3.82,28.32,0.68,0.98,1.63,4.03,2.40,0,3.61,0,3.03,5.27,6.24,1.80,7.23,0,2.65,0,14.22
Hsa-Mir-1271_pri,0,0,0,0,0,0,3.66,4.91,0.28,110.72,0,2.22,12.53,0,1.77,73.78,0,13.83,4.03,0,0,117.98,0,44.46,5.38,6.24,14.43,14.46,0,0.53,0,1.78
Hsa-Mir-1276_pri,0,11.24,7.30,0,25.24,17.65,0.12,18.95,4.40,5.83,4.11,0.19,8.89,0,3.54,0.34,3.28,0.81,0.00,0,0,0.87,0,0,0.77,3.12,0,0,5.80,1.59,24.29,0
Hsa-Mir-1277_pri,41.15,20.23,0,0,4.59,1.47,0.00,0.70,0.28,26.70,0,6.08,8.89,0,0.00,0,0.00,2.44,0,0.00,0,0.14,0,5.73,3.22,0,0.00,0,0,0.00,0,0
Hsa-Mir-1278_pri,0,0.00,7.30,0,20.65,8.09,0.28,0,0,0.73,0,0.13,0.24,0,0,0.34,0,1.63,0,1.60,0,0,0,0,0.45,0,0,0,0,0,0,0
Hsa-Mir-1286_pri,0,0,14.60,0,19.50,12.50,0,0.70,0.55,2.03,0,0.19,4.71,0,0,0,0,0,0,0,0,0,0,0,0.07,0,0,0,0,0,0,0
Hsa-Mir-1287_pri,3.17,4.50,0,0,42.44,64.73,1.27,11.23,19.25,11.98,8.67,2.69,10.32,82.20,24.78,4.42,20.33,7.32,16.12,0.00,0,13.41,12.47,37.05,6.70,40.56,31.56,43.37,23.20,19.59,24.29,26.66
Hsa-Mir-1294_pri,0,0,0,0,14.91,6.62,7.81,1.40,0.83,1.23,0.46,0.40,0.72,1.91,0,1.70,3.28,0,0,2.40,23.17,2.60,12.47,0,0.59,0,0,7.23,11.60,2.65,0,5.33
Hsa-Mir-1295_pri,0,0,0,0,17.21,2.21,0,6.32,0.55,0.13,0.91,0.08,0,0,3.54,0,3.61,1.63,0,0,4.63,0,12.47,1.01,0.78,6.24,0.90,0,5.80,0.53,0,1.78
Hsa-Mir-1296_pri,262.74,669.76,43.79,92.95,542.58,667.86,0.05,3432.98,142.47,86.39,2869.44,14.83,46.60,1101.09,633.75,5.78,12.79,4.07,491.75,0.80,1825.93,2.02,835.19,18.86,7.42,917.24,74.83,318.03,342.20,20.65,194.32,1713.25
Hsa-Mir-1298_pri,0,0,0,0,0,0,0,1.40,3.58,66.86,0.91,0,0,0,0,0.34,0,0,0,0,0,0,0,0,0.04,0,6.31,0,0,0.53,0,3.55
Hsa-Mir-1301_pri,0,0,0,15.49,84.89,55.90,10.37,1178.49,253.04,26.39,1086.99,4.47,27.69,540.99,624.89,42.50,57.70,4.88,399.04,0.80,639.54,350.04,261.78,21.56,2.55,374.38,67.62,636.06,174.00,33.36,850.14,239.93
Hsa-Mir-1306_pri,0,0,0.00,0,0.00,7.36,0.84,468.17,12.65,4.06,241.86,1.21,2.27,521.87,253.14,2.72,9.18,0.81,225.72,0,472.70,3.17,498.62,5.39,3.54,212.15,16.23,462.59,174.00,13.77,376.49,339.45
Hsa-Mir-1307_pri,31.66,17.98,467.09,325.33,934.89,1650.53,0.33,0.00,1.10,895.62,0.00,671.38,400.00,0.00,1.77,13.26,0.98,49.62,4.03,2.40,0.00,1.87,0.00,133.04,62.41,3.12,2.70,7.23,0.00,0.53,0.00,1.78
Hsa-Mir-1343_pri,0,0,0,0,0,0.74,0.52,56.85,3.58,4.19,10.95,0.31,1.49,47.79,19.47,3.40,1.31,0.81,12.09,0,27.81,23.80,12.47,2.02,0.35,15.60,2.70,14.46,5.80,1.59,12.14,21.33
Hsa-Mir-1908_pri,0,0.00,0,0,0.00,1.47,1.50,84.93,3.03,5.60,19.62,0.31,3.28,26.76,15.93,0.68,4.26,0,8.06,0,4.63,61.30,0,0,0.38,0,0.90,14.46,0,2.65,12.14,5.33
Hsa-Mir-1910_pri,0,0,0.00,0.00,2.29,0.00,0,0.00,0.55,0.22,0,0,0.00,0,0,0,0.33,0,0,0,0.00,0.00,0,0,0.00,3.12,0,0,0,0,0,0
Hsa-Mir-1911_pri,0,0,0,0,0,0,0,22.46,8.53,0.40,96.74,0,0,0,1.77,0,0.33,0,4.03,0,0,0,0,0,0.06,6.24,2.70,0,0,6.88,0,10.66
Hsa-Mir-1912_pri,0,0,0,0,0,0,0.07,21.76,23.38,0.32,6.85,0,0,0,0,0.00,0,0,0,0,0,0,0,0,0,3.12,34.26,0,0,0,0,7.11
Hsa-Mir-1913_pri,0,0,0,0,0,0,0,2.11,0.28,0.16,0.91,0,0.30,1.91,0,0,0,0,0,0,0,0,0,0,0.02,0,0,0,0,0,0,0
Hsa-Mir-1914_pri,0,0,0,0,3.44,1.47,0.02,2.11,0.00,0.52,0.91,0,0.18,1.91,0,0,0,0,0,0,0,4.62,0,0.00,0.02,0,0,0,0,0,0,0
Hsa-Mir-2114_pri,3.17,4.50,0,0,5.74,2.21,0,0,0,0.56,0,0.21,0.12,0,0,0,0,0,0,0.00,0,0,0,0,0.24,0,0.00,0.00,0,0.53,0,0
Hsa-Mir-2115_pri,0,0,0,0,0,0,0.30,0,0.55,0.04,0,0,0,0,0,4.08,0,0,0,0,0,0.14,0,0,0.03,0,0,0,0,0,0,0
Hsa-Mir-2116_pri,0,0,0,0,2.29,0.00,0,0,0.28,0.59,0,0.23,0.36,0,0.00,0.00,0.66,0,0.00,0,0,0.00,0,1.01,0.34,0,4.51,0,0.00,0,0,0.00
Hsa-Mir-2276_pri,0,0,0,0,1.15,0.74,0.00,0.00,0.28,0.08,0.00,0,0.06,0.00,0.00,0,0.00,0.00,0.00,0,0.00,0.00,0.00,0,0.05,0.00,0.00,0.00,0.00,0,0,0.00
Hsa-Mir-2355_pri,28.49,24.72,0,0,8.03,3.68,0.05,0.00,0.00,22.79,0,1.85,4.53,0.00,0,17.68,0.00,0.00,0.00,0.80,0,14.57,0,4.04,0.19,0,0.90,0,0,0.00,0,0.00
Hsa-Mir-2467_pri,0.00,2.25,0,0,57.36,54.43,0.00,0,0,14.40,0.00,2.34,67.12,0,0,0.34,0,0,0,0,0,0,0,0,0,0.00,0,0,0,0,0,0
Hsa-Mir-3059_pri,0,0,0,0,0,0,0,14.04,7.15,9.71,0.46,0,0,0,0,0,0.33,0,0,0,0,0,0,0,0.03,0,0,0,0,2.12,0,0
Hsa-Mir-3085_pri,0,0,0,0,0,0,0,0.00,0.28,0.43,0.00,0,0.06,0.00,0,0,0,0,0.00,0,0,0,0,0,0.02,0,0,0,0,0,0,0
Hsa-Mir-3126_pri,0,0,0,0,2.29,0.74,0,0.70,0,1.22,0,0.06,1.25,1.91,0,0,0,0,0,0,4.63,0,0,1.01,0.31,0,0,0,0,0,0,3.55
Hsa-Mir-3127_pri,0,0,0,0,1.15,2.94,0.28,13.34,0.55,1.30,9.58,0.79,1.61,21.03,3.54,1.36,0.33,0,4.03,0,0,1.44,0,2.02,0.33,6.24,0,7.23,0,0,0,3.55
Hsa-Mir-3136_pri,0,0,0,0,0,0,0.12,0,0,0.45,0,0.14,0.36,0,0,0.00,0,0.81,0,0.80,0,0.00,0,2.36,0.44,0,0.90,0,0,0,0,0
Hsa-Mir-3138_pri,0,0,0,0,1.15,0.74,0.09,0.70,0,0.45,0,0,0.30,0,0,0.34,0.33,0,0,0,0,1.44,12.47,0,0.10,0,0.90,0,0,0,24.29,0
Hsa-Mir-3140_pri,0,0,0,0,0,0.00,2.93,0,0.28,0.33,0,0.06,0.36,0,0,2.38,0,0,0,0.80,0,2.02,0,0,0.12,0,0,0,0,0,0,0
Hsa-Mir-3144-v1_pri,0,0,0,0,0,0,0,0,0,0.05,0,0,0,0,0,0,0,0.00,0,0,0,1.44,0,0,0.08,3.12,0,0,0,0,0,0
Hsa-Mir-3144-v2_pri,0,0,0,0,0,0,0,0,0,0.05,0,0,0,0,0,0,0,0.00,0,0,0,1.44,0,0,0.08,3.12,0,0,0,0,0,0
Hsa-Mir-3145_pri,0,0.00,7.30,0,1.15,5.88,0,0,0,0.88,0,0.29,1.07,0,0,0,0.33,0.81,0,0,0,0,0,0,0.02,0,0.90,0,0,0,0,0
Hsa-Mir-3146_pri,0,0,0,0,0,0,0.77,0,0,0.08,0,0,0,0,0,0,0.66,0,0,0,0,0.87,0,1.35,0.26,0,0,0,0,0,0,0
Hsa-Mir-3173_pri,0,0,0,0,13.77,7.36,0.66,14.04,1.38,1.60,4.56,0.18,0.30,13.38,12.39,1.02,0.66,0.81,16.12,0,37.07,10.38,12.47,1.35,0.16,15.60,0.90,21.68,17.40,0,36.43,12.44
Hsa-Mir-3174_pri,0,2.25,14.60,0,1.15,0,0.26,0,0.55,1.31,0,0.18,1.37,0,0,1.70,1.97,0.81,0,0,0,4.47,0,0,0.15,0,0.90,0,0,0,0,0
Hsa-Mir-3180-P1_pri,0,0,0,0,0,0.74,0.02,77.91,8.25,0.95,46.55,0,0.30,9.56,0,0,0.66,0,8.06,0,18.54,0,74.79,0.34,0.08,3.12,1.80,0,5.80,5.29,12.14,3.55
Hsa-Mir-3180-P2_pri,0,0,0,0,0,0.74,0.02,77.91,8.25,0.95,46.55,0,0.30,9.56,0,0,0.66,0,8.06,0,18.54,0,74.79,0.34,0.08,3.12,1.80,0,5.80,5.29,12.14,3.55
Hsa-Mir-3180-P3_pri,0,0,0,0,0,0.74,0.02,77.91,8.25,0.95,46.55,0,0.30,9.56,0,0,0.66,0,8.06,0,18.54,0,74.79,0.34,0.08,3.12,1.80,0,5.80,5.29,12.14,3.55
Hsa-Mir-3187_pri,0,0,0,0,8.03,8.09,0.66,11.23,1.38,0.90,10.50,0,0.42,7.65,12.39,0,2.30,0,4.03,0,9.27,5.34,12.47,0,0.22,3.12,1.80,57.82,5.80,1.59,24.29,5.33
Hsa-Mir-3194_pri,0.00,0,0,7.75,2.29,4.41,0,0,0,0.55,0,0.46,1.25,0,0,0.00,0,0,0,0,0,0,0,0.00,0.35,3.12,0,0,0,0.00,0,0
Hsa-Mir-3611_pri,0,0,0,0,3.44,2.21,0,0.70,0,0.87,0,0.15,0.54,0,0,0.00,0.66,1.63,0,0,0,0,0,4.38,0.07,3.12,0.90,0,0,0.53,0,0
Hsa-Mir-3613_pri,272.23,438.27,0,0,37.85,12.50,0.84,0.00,3.58,19.45,0.00,10.99,5.49,0,0,19.04,2.30,62.63,0.00,0.00,0,0.72,0,4.72,41.65,0.00,36.97,0.00,0,4.24,0,0.00
Hsa-Mir-3615_pri,18.99,11.24,49504.08,54128.58,3463.10,1093.00,14.85,47.73,6.05,101.43,29.66,7.43,3.10,57.35,67.27,33.32,2.62,43.92,100.77,1.60,88.05,30.86,0,40.75,7.96,65.52,7.21,166.24,5.80,0.53,85.01,16.00
Hsa-Mir-3617_pri,3.17,13.49,0,0,0,0,0.00,0,3.85,0.28,0.46,0.17,0.06,0,0,2.38,0,0,0.00,0,0,1.73,0,15.83,1.81,3.12,7.21,0,0,3.71,0,0
Hsa-Mir-3619_pri,0,0,7.30,7.75,3.44,2.94,0.00,5.62,0.28,0.71,0.91,0,0.30,1.91,1.77,0,0.66,0,0,0,0,0.00,0,0,0.01,6.24,1.80,0,5.80,0,12.14,0
Hsa-Mir-3622_pri,0,0,0,0,2.29,0.74,0,19.65,0.83,0.29,12.32,0.18,0,7.65,12.39,0,0.66,0,16.12,0,0,0.29,0,0,0.70,24.96,1.80,0,0,0,0,39.10
Hsa-Mir-3663_pri,0.00,0,0,0,9.18,2.21,0,0.70,0,0.16,0,0,0,0,0,0,0,0,0,0,0,0,0,0,0,0,0,0,0,3.71,0,0
Hsa-Mir-3690_pri,3.17,4.50,0,0,0,0.74,1.36,0,0.55,0.06,0,0.99,0,0,0,70.04,0,0.81,0,0,4.63,0.58,0,0,2.11,0,0.90,0,0,0.53,0,0
Hsa-Mir-3909_pri,0.00,2.25,7.30,0,19.50,7.36,1.03,7.72,1.10,21.72,6.85,4.92,24.82,15.29,30.09,9.18,0.98,6.51,28.21,0,88.05,3.46,12.47,5.05,1.01,12.48,4.51,0,5.80,1.06,0.00,14.22
Hsa-Mir-3924_pri,0,0,0,0,0,0,0,0,0,0.02,0,0,0,0,0,0,0,0,0,0,0,0,0,0,0,0,0,0,0,0,0,0
Hsa-Mir-3934_pri,0,0,0,0,2.29,0.74,0.77,0,0,2.00,0,0.96,0.84,7.65,3.54,1.02,0,0.81,12.09,0,0,0,0,1.68,8.05,0,0,7.23,5.80,0.53,12.14,1.78
Hsa-Mir-3942_pri,0,0,0,7.75,11.47,3.68,0.87,0,0,0.94,0,0.22,0.78,0,0,5.10,0,0,0,0,0,1.44,0,0,1.15,0,0,0,0,0,0,0
Hsa-Mir-3944_pri,0,0,0,0,0,0.74,0.00,0.00,0.00,0.27,0.00,0,0.06,0.00,0.00,0.00,0.00,0.00,4.03,0,0.00,0.00,0.00,0,0.07,0.00,0.00,0.00,0,0.00,0.00,0.00
Hsa-Mir-4424_pri,0,0,0,0,9.18,3.68,0.09,0,0,1.70,0,0.86,0.48,0,0,3.06,0,0,0,0,0,0.87,0,0,0.04,0,0,0,0,0,0,0
Hsa-Mir-4524_pri,0,0,0,0,0.00,0,0,0,0,0.17,0,0.15,0,0,1.77,0,0,3.25,4.03,0,0,0,0,2.69,1.97,0,0,0,0,0,0,1.78
Hsa-Mir-4637_pri,0,0,0,0,0.00,0,0.16,0,0,0.06,0,0,0,0,0,0,0,0,0,0,0,0.29,0,0,0.16,0,0,0,0,0,0,0
Hsa-Mir-4661_pri,3.17,8.99,0,0,107.83,37.51,0.05,0,0.28,2.49,0,0.32,0.48,1.91,0,1.36,0,0,0,0,0,0.87,0,1.68,0.23,0,0,0,0,0,0,0
Hsa-Mir-4662_pri,22.16,22.48,0,0,26.38,11.03,0.14,0,2.75,11.72,0,6.11,7.94,0,0,8.84,5.57,9.76,0,0,0,32.74,0,6.06,3.26,0,6.31,0,0,11.12,0,1.78
Hsa-Mir-4664_pri,0.00,0,0,0,0.00,0.00,0,0,0,0.03,0,0,0.06,0,0.00,0,0.00,0,0,0,0.00,0,0,0.34,0.12,0.00,0,0,0,0,0,0
Hsa-Mir-4677_pri,0,0,14.60,7.75,49.33,14.71,7.25,0,0.83,22.00,0,5.70,28.40,0,0,58.14,0,2.44,0,0,0,46.15,0,0.67,2.67,0,1.80,0,0,1.06,0,0
Hsa-Mir-4731_pri,0,0,0,0,1.15,0,0.05,0.70,0,0.11,0.46,0,0.84,5.73,0,0,0,0,8.06,0,9.27,0.29,0,0.67,0.05,9.36,0.90,7.23,5.80,0,0,5.33
Hsa-Mir-4766_pri,0,0,0,0,0,0.74,0.07,0,0.28,0.06,0,0.00,0.00,0,0,0,0.33,0,0,0,0,0,0,0,0.12,0,0,0,0,0,0,0
Hsa-Mir-4798_pri,0,0,0,0,1.15,0,0,0,1.38,0.04,0,0,0,0,0,0,0,0.81,0,0,0,0,0,0,0.07,0,0.90,0,0,0,0,1.78
Hsa-Mir-5579_pri,0,0,0,0,0,0,0,0,0,0.35,0,0,0,0,0,0,0,0,0,0,0,0,0,0,0.07,0,0,0,0,0,0,0
Hsa-Mir-5581_pri,0,0,0,0,0.00,0.00,0.00,0,0.00,0.01,0,0.00,0.00,0,0,0.00,0,0,0,0,0,0.00,0,0,0.02,0,0,0,0,0,0,0
Hsa-Mir-5586_pri,0,0,0,0,0,0,0,0,7.98,0.41,0.46,0,0,0,0,0.68,0.33,0,0,0,0,0.29,0,0,0.19,0,1.80,7.23,0,0,0,0
Hsa-Mir-5687_pri,0,2.25,0,0,0,0.00,0,0,0,0.06,0,0,0,0,0,0,0,0.81,0,0,0,0,0,0,0.01,0,0.00,0,0,0.00,0,0
Hsa-Mir-6529_pri,3.17,0,7.30,0,0,0,0,0,0,0.09,0,0,0,0,0,0,0,0,0,0,0,0.14,0,0,0,0,0,0,0,0,0,0
Hsa-Mir-6715_pri,0,0,0,0,0,0,0,0,0,0.03,0,0,0.06,0,0,0,0.33,3.25,0,0,0,0,0,0,0.04,0,0,0,0,0,0,0
Hsa-Mir-7151_pri,0,0,0,0,0,0,0,0,0.00,0.04,0.00,0,0,0.00,0,0,0,0,0,0,0,0.14,0.00,0,0.03,0,0.00,0,0,0,0,0
Hsa-Mir-7706_pri,28.49,6.74,59626.77,58613.48,4079.09,1701.28,27.68,14.04,4.40,111.88,20.54,11.86,40.69,233.22,70.81,15.30,5.57,0.81,72.55,0,106.59,21.63,37.40,2.69,1.36,90.48,2.70,65.05,110.20,1.06,255.04,44.43
Hsa-Mir-7854_pri,3.17,0,0,0,8.03,2.21,0.73,13.34,1.93,0.53,5.48,0.06,0.00,5.73,1.77,0.34,0.98,0,4.03,0,0,4.90,0,0,0.12,0,0,0,5.80,0,0,0
Hsa-Mir-9851_pri,0,0,0,0,0,0,0,0,0,0,0,0,0,0,0,0,0,0,0,0,0,0,0,0,0.00,0,0,0,0,0,0,0
Hsa-Mir-12462-v1_pri,0.00,0,116.77,185.90,0,0.74,0.07,0,0,0.82,0,0,0.24,0,0.00,0,0,0,0,0,0,0,0,0,1.47,0,0,0,0,0,0,1.78
Hsa-Mir-12462-v2_pri,3.17,0,116.77,185.90,0,0.74,0.07,0,0,0.83,0,0,0.24,0,0.00,0,0,0,0,0,0,0,0,0,1.47,0,0,0,0,0,0,1.78
Hsa-Mir-12463_pri,3.17,6.74,0,0,2.29,0.74,0.02,0,0,0.39,0,0.00,0.12,0,0,0.34,0,0,0,0,0,0.43,0,0,0.02,0,0,0,0,0,0,0
