9365
9402
9407
9417
9430
9483
9515
9531
9541
9544
9545
9555
9565
9568
9595
9597
9598
9601
9606
9615
9627
9646
9669
9685
9689
9691
9694
9696
9704
9708
9711
9713
9715
9720
9731
9733
9739
9749
9755
9771
9793
9796
9798
9823
9837
9838
9860
9880
9913
9915
9925
9940
9978
9986
9994
9999
10020
10029
10036
10041
10047
10089
10090
10093
10116
10117
10141
10160
10181
27622
29073
29078
29088
30522
30538
30608
30611
32536
34839
34884
34886
35658
36723
37029
37032
37293
38674
39432
40151
42100
42254
43179
43346
50954
51298
51337
51338
54180
59463
59472
59479
59534
60711
61156
61383
61621
61622
61853
72004
73337
76717
79684
81572
89462
89673
90247
93162
95912
105255
109478
111838
116960
118797
130825
132908
143291
143302
186990
192404
225400
230844
286419
291302
310752
336983
379532
391180
419612
491861
494514
591936
885580
1026970
1047088
1574408
1608482
1706337
1868482
2715852
